$1 = "write"
0x7b2c:	9004	1	50	1
0x7b3c:	0	21862	1	31608
0x7b4c:	4831	12	20	50
0x7b5c:	1	32	29839	31688
0x7b6c:	29955	0	4096	31688
0x7b7c:	9089	1	50	21862
$2 = "read"
0x7b2c:	8327	1	50	1
0x7b3c:	0	29483	1	2071461888
0x7b4c:	591331328	1963130880	0	50
0x7b5c:	1	32	512	29471
0x7b6c:	29426	524	4096	31688
0x7b7c:	9146	1	50	29483
$3 = "write"
0x7b2c:	9004	1	49	1
0x7b3c:	0	21866	1	31608
0x7b4c:	5699	3	3	49
0x7b5c:	1	32	512	29471
0x7b6c:	29426	524	4096	31688
0x7b7c:	9222	1	49	21866
$4 = "read"
0x7b2c:	8327	1	49	1
0x7b3c:	0	28954	1	2071461888
0x7b4c:	591331328	1928462336	0	49
0x7b5c:	1	32	512	28942
0x7b6c:	28897	524	4096	31688
0x7b7c:	9285	1	49	28954
$5 = "write"
0x7b2c:	9004	1	50	1
0x7b3c:	0	21870	1	31608
0x7b4c:	5699	3	3	50
0x7b5c:	1	32	512	28942
0x7b6c:	28897	524	4096	31688
0x7b7c:	9394	1	50	21870
$6 = "read"
0x7b2c:	8327	1	50	1
0x7b3c:	0	28425	1	2071461888
0x7b4c:	591331328	1893793792	0	50
0x7b5c:	1	32	512	28413
0x7b6c:	28368	524	4096	31688
0x7b7c:	9451	1	50	28425
$7 = "write"
0x7afc:	9004	1	50	1
0x7b0c:	0	29483	1	4026567210
0x7b1c:	66118	501022720	34996224	50
0x7b2c:	1	1	1862074372	29471
0x7b3c:	29426	524	4096	31608
0x7b4c:	9915	1	50	29483
$8 = "write"
0x7abc:	9004	1	51	1
0x7acc:	0	28954	1	29670
0x7adc:	0	0	0	4026531891
0x7aec:	65537	505872384	34996736	28942
0x7afc:	28897	524	4096	31560
0x7b0c:	9736	1	51	28954
$9 = "read"
0x7aac:	8327	1	50	1
0x7abc:	0	29483	68	0
0x7acc:	3407872	1893007360	3407872	2064121906
0x7adc:	591331396	1893793792	512	29471
0x7aec:	29426	524	4096	31544
0x7afc:	10071	68	50	29483
$10 = "read"
0x7aac:	8327	1	1	1
0x7abc:	0	28954	1	2063073280
0x7acc:	546963456	1928462336	3407872	2064121856
0x7adc:	591331329	1893793792	512	28942
0x7aec:	28897	524	4096	31544
0x7afc:	10155	1	0	28954
$11 = "write"
0x7aec:	9004	1	1	1
0x7afc:	0	28954	1	28954
0x7b0c:	9757	28954	51	0
0x7b1c:	591331329	1928462336	34996228	50
0x7b2c:	28897	508	4096	31608
0x7b3c:	10998	1	0	28954
$12 = "write"
0x7aec:	9004	1	50	1
0x7afc:	0	29483	1	2067267584
0x7b0c:	591331328	1893793792	0	50
0x7b1c:	591331329	1928462336	34996228	50
0x7b2c:	28897	508	4096	31608
0x7b3c:	11220	1	50	29483
$13 = "read"
0x7adc:	8327	1	50	1
0x7aec:	0	29483	1	0
0x7afc:	3407872	1893007360	3407872	2067267634
0x7b0c:	591331329	1893793792	512	29471
0x7b1c:	29426	524	4096	31608
0x7b2c:	11344	1	50	29483
$14 = "read"
0x7adc:	8327	1	1	1
0x7aec:	0	28932	1	2066219008
0x7afc:	546963456	1928462336	3407872	2067267584
0x7b0c:	591331329	1893793792	512	28920
0x7b1c:	28875	524	4096	31608
0x7b2c:	11461	1	0	28932
$15 = "write"
0x7afc:	9004	1	52	1
0x7b0c:	0	28932	1	29449
0x7b1c:	524	29471	524	52
0x7b2c:	1	29483	5	28920
0x7b3c:	28875	524	4096	31608
0x7b4c:	9915	1	52	28932
$16 = "write"
0x7abc:	9004	1	53	1
0x7acc:	0	28403	1	31528
0x7adc:	8327	0	0	4026531893
0x7aec:	65537	505872384	34996736	28391
0x7afc:	28346	524	4096	31560
0x7b0c:	9736	1	53	28403
$17 = "read"
0x7aac:	8327	1	52	1
0x7abc:	0	28932	68	0
0x7acc:	3407872	1856897024	3407872	2064121908
0x7adc:	591331396	1857683456	512	28920
0x7aec:	28875	524	4096	31544
0x7afc:	10071	68	52	28932
$18 = "read"
0x7aac:	8327	1	1	1
0x7abc:	0	28403	1	2063073280
0x7acc:	546963456	1892352000	3407872	2064121856
0x7adc:	591331329	1857683456	512	28391
0x7aec:	28346	524	4096	31544
0x7afc:	10155	1	0	28403
$19 = "write"
0x7aec:	9004	1	1	1
0x7afc:	0	28403	1	28403
0x7b0c:	9757	28403	53	0
0x7b1c:	591331329	1892352000	4	52
0x7b2c:	28346	508	4096	31608
0x7b3c:	10998	1	0	28403
$20 = "write"
0x7aec:	9004	1	52	1
0x7afc:	0	28932	1	2067267584
0x7b0c:	591331328	1857683456	0	52
0x7b1c:	591331329	1892352000	4	52
0x7b2c:	28346	508	4096	31608
0x7b3c:	11220	1	52	28932
$21 = "read"
0x7adc:	8327	1	52	1
0x7aec:	0	28932	1	0
0x7afc:	3407872	1856897024	3407872	2067267636
0x7b0c:	591331329	1857683456	512	28920
0x7b1c:	28875	524	4096	31608
0x7b2c:	11344	1	52	28932
$22 = "read"
0x7adc:	8327	1	1	1
0x7aec:	0	28381	1	2066219008
0x7afc:	546963456	1892352000	3407872	2067267584
0x7b0c:	591331329	1857683456	512	28369
0x7b1c:	28324	524	4096	31608
0x7b2c:	11461	1	0	28381
$23 = "read_kernel"
0x7b9c:	12174	25899	28910	29974
0x7bac:	1211320	0	29461	31704
0x7bbc:	21294	22143	25899	31704
0x7bcc:	21273	22248	48	31738
0x7bdc:	21632	0	0	0
0x7bec:	0	4026567210	268436038	0
