$1 = "allocation"
0x7b9c:	7417	3	0	0
0x7bac:	0	0	0	0
0x7bbc:	0	3917611008	0	31738
0x7bcc:	21404	22208	48	19750
0x7bdc:	1401684486	0	64804	0
$2 = "free"
0x7b9c:	7562	29992	22208	0
0x7bac:	0	0	0	29992
0x7bbc:	0	3917611008	0	31738
0x7bcc:	21404	22208	48	19750
0x7bdc:	1401684486	0	64804	0
0x7bec:	0	4026567210	268436038	0
$3 = "allocation"
0x7b9c:	7417	67	22208	0
0x7bac:	0	0	0	29992
0x7bbc:	4194304	3917611008	0	31738
0x7bcc:	21424	22212	48	19750
0x7bdc:	1401684486	0	64804	0
$4 = "free"
0x7b9c:	7562	29928	22212	64
0x7bac:	0	0	0	29928
0x7bbc:	4194304	3917611008	0	31738
0x7bcc:	21424	22212	48	19750
0x7bdc:	1401684486	0	64804	0
0x7bec:	0	4026567210	268436038	0
$5 = "allocation"
0x7b9c:	7417	67	22212	64
0x7bac:	0	0	0	29928
0x7bbc:	4194304	3917611008	0	31738
0x7bcc:	21444	22280	48	19750
0x7bdc:	1401684486	0	64804	0
$6 = "free"
0x7b9c:	7562	29928	22280	64
0x7bac:	0	0	0	29928
0x7bbc:	4194304	3917611008	0	31738
0x7bcc:	21444	22280	48	19750
0x7bdc:	1401684486	0	64804	0
0x7bec:	0	4026567210	268436038	0
$7 = "allocation"
0x7b9c:	7417	67	22280	64
0x7bac:	0	0	0	29928
0x7bbc:	4194304	3917611008	0	31738
0x7bcc:	21464	22348	48	19750
0x7bdc:	1401684486	0	64804	0
$8 = "free"
0x7b9c:	7562	29928	22348	64
0x7bac:	0	0	0	29928
0x7bbc:	4194304	3917611008	0	31738
0x7bcc:	21464	22348	48	19750
0x7bdc:	1401684486	0	64804	0
0x7bec:	0	4026567210	268436038	0
$9 = "allocation"
0x7b9c:	7417	67	22348	64
0x7bac:	0	0	0	29928
0x7bbc:	4194304	3917611008	0	31738
0x7bcc:	21484	22416	48	19750
0x7bdc:	1401684486	0	64804	0
$10 = "free"
0x7b9c:	7562	29928	22416	64
0x7bac:	0	0	0	29928
0x7bbc:	4194304	3917611008	0	31738
0x7bcc:	21484	22416	48	19750
0x7bdc:	1401684486	0	64804	0
0x7bec:	0	4026567210	268436038	0
$11 = "allocation"
0x7b9c:	7417	67	22416	64
0x7bac:	0	0	0	29928
0x7bbc:	4194304	3917611008	0	31738
0x7bcc:	21504	22484	48	19750
0x7bdc:	1401684486	0	64804	0
$12 = "free"
0x7b9c:	7562	29928	22484	64
0x7bac:	0	0	0	29928
0x7bbc:	4194304	3917611008	0	31738
0x7bcc:	21504	22484	48	19750
0x7bdc:	1401684486	0	64804	0
0x7bec:	0	4026567210	268436038	0
$13 = "allocation"
0x7b9c:	7417	67	22484	64
0x7bac:	0	0	0	29928
0x7bbc:	4194304	3917611008	0	31738
0x7bcc:	21524	22552	48	19750
0x7bdc:	1401684486	0	64804	0
$14 = "free"
0x7b9c:	7562	29928	22552	64
0x7bac:	0	0	0	29928
0x7bbc:	4194304	3917611008	0	31738
0x7bcc:	21524	22552	48	19750
0x7bdc:	1401684486	0	64804	0
0x7bec:	0	4026567210	268436038	0
$15 = "allocation"
0x7b9c:	7417	67	22552	64
0x7bac:	0	0	0	29928
0x7bbc:	4194304	3917611008	0	31738
0x7bcc:	21544	22620	48	19750
0x7bdc:	1401684486	0	64804	0
$16 = "free"
0x7b9c:	7562	29928	22620	64
0x7bac:	0	0	0	29928
0x7bbc:	4194304	3917611008	0	31738
0x7bcc:	21544	22620	48	19750
0x7bdc:	1401684486	0	64804	0
0x7bec:	0	4026567210	268436038	0
$17 = "allocation"
0x7b9c:	7417	67	22620	64
0x7bac:	0	0	0	29928
0x7bbc:	4194304	3917611008	0	31738
0x7bcc:	21564	22688	48	19750
0x7bdc:	1401684486	0	64804	0
$18 = "free"
0x7b9c:	7562	29928	22688	64
0x7bac:	0	0	0	29928
0x7bbc:	4194304	3917611008	0	31738
0x7bcc:	21564	22688	48	19750
0x7bdc:	1401684486	0	64804	0
0x7bec:	0	4026567210	268436038	0
$19 = "allocation"
0x7b9c:	7417	3	22688	64
0x7bac:	0	0	0	29928
0x7bbc:	0	3917611008	0	31738
0x7bcc:	21584	22208	48	19750
0x7bdc:	1401684486	0	64804	0
$20 = "free"
0x7b9c:	7562	29992	22208	0
0x7bac:	0	0	0	29992
0x7bbc:	0	3917611008	0	31738
0x7bcc:	21584	22208	48	19750
0x7bdc:	1401684486	0	64804	0
0x7bec:	0	4026567210	268436038	0
$21 = "allocation"
0x7b7c:	7417	18	30000	0
0x7b8c:	15	29980	15	31688
0x7b9c:	990602	29992	22208	31688
0x7bac:	21049	22001	0	29992
0x7bbc:	0	3917611008	0	31704
$22 = "free"
0x7b7c:	7562	29977	22001	15
0x7b8c:	15	29980	15	29977
0x7b9c:	990602	29992	22208	31688
0x7bac:	21049	22001	0	29992
0x7bbc:	0	3917611008	0	31704
0x7bcc:	21073	22208	48	31738
$23 = "allocation"
0x7b5c:	4831	12	30000	0
0x7b6c:	3	29965	4096	31688
0x7b7c:	6455	21780	21784	31688
0x7b8c:	6489	29980	15	29977
0x7b9c:	990602	29992	22208	31688
$24 = "allocation"
0x7b4c:	6953	5	31608	6931
0x7b5c:	21788	12	30000	0
0x7b6c:	3	29965	4096	31688
0x7b7c:	6510	21788	21784	31688
0x7b8c:	6489	29980	15	29977
$25 = "free"
0x7b4c:	5210	29961	21788	5
0x7b5c:	21788	31608	5101	29983
0x7b6c:	0	29965	4096	31688
0x7b7c:	6562	29983	29961	31688
0x7b8c:	6489	29980	15	29977
0x7b9c:	990602	29992	22208	31688
$26 = "free"
0x7b4c:	5229	29983	21788	5
0x7b5c:	21788	31608	5101	29983
0x7b6c:	0	29965	4096	31688
0x7b7c:	6562	29983	29961	31688
0x7b8c:	6489	29980	15	29977
0x7b9c:	990602	29992	22208	31688
$27 = "allocation"
0x7b5c:	4831	12	5101	29983
0x7b6c:	0	29965	4096	31688
0x7b7c:	6562	0	29961	31688
0x7b8c:	6572	29980	15	29977
0x7b9c:	990602	29992	22208	31688
$28 = "free"
0x7b4c:	5210	0	30000	31624
0x7b5c:	4831	12	5101	29983
0x7b6c:	0	29965	4096	31688
0x7b7c:	6616	29983	29961	31688
0x7b8c:	6572	29980	15	29977
0x7b9c:	990602	29992	22208	31688
$29 = "free"
0x7b4c:	5229	29983	30000	31624
0x7b5c:	4831	12	5101	29983
0x7b6c:	0	29965	4096	31688
0x7b7c:	6616	29983	29961	31688
0x7b8c:	6572	29980	15	29977
0x7b9c:	990602	29992	22208	31688
$30 = "allocation"
0x7b1c:	4831	12	0	0
0x7b2c:	0	0	30000	0
0x7b3c:	24	29971	24	31608
0x7b4c:	5928	29983	30000	31624
0x7b5c:	4666	12	5101	29983
$31 = "allocation"
0x7b3c:	5973	64	24	31608
0x7b4c:	5928	29983	30000	31624
0x7b5c:	4666	1114124	29983	29983
0x7b6c:	0	29965	4096	31688
0x7b7c:	6647	21793	58	31688
$32 = "allocation"
0x7b3c:	6180	64	29902	31608
0x7b4c:	5928	29983	30000	31624
0x7b5c:	4666	1114124	29983	5
0x7b6c:	29902	29965	4096	31688
0x7b7c:	6647	21793	58	31688
$33 = "allocation"
0x7aec:	4978	12	0	0
0x7afc:	0	0	12	29971
0x7b0c:	29983	24	30000	31544
0x7b1c:	5127	29983	29821	29809
0x7b2c:	1963095246	76	357570	31608
$34 = "allocation"
0x7b3c:	6180	64	29821	31608
0x7b4c:	5928	29983	30000	31624
0x7b5c:	4666	1114124	29983	11
0x7b6c:	29821	29965	4096	31688
0x7b7c:	6647	21793	58	31688
$35 = "allocation"
0x7aec:	4978	12	29821	0
0x7afc:	0	0	12	29792
0x7b0c:	29792	24	30000	31544
0x7b1c:	5127	29983	29711	29699
0x7b2c:	1952478414	76	291924	31608
$36 = "free"
0x7b4c:	5210	29902	5	5679
0x7b5c:	29821	1114124	29983	65552
0x7b6c:	29792	29965	4096	31688
0x7b7c:	6781	29983	21816	31688
0x7b8c:	6572	29980	15	29977
0x7b9c:	1	1	29983	29983
$37 = "free"
0x7b4c:	5229	29983	5	5679
0x7b5c:	29821	1114124	29983	65552
0x7b6c:	29792	29965	4096	31688
0x7b7c:	6781	29983	21816	31688
0x7b8c:	6572	29980	15	29977
0x7b9c:	1	1	29983	29983
$38 = "free"
0x7b4c:	5210	29821	5	5679
0x7b5c:	29821	1114124	29983	65552
0x7b6c:	29682	29965	4096	31688
0x7b7c:	6781	29792	21816	31688
0x7b8c:	6572	29980	15	29977
0x7b9c:	1	1	29983	29983
$39 = "free"
0x7b4c:	5229	29792	5	5679
0x7b5c:	29821	1114124	29983	65552
0x7b6c:	29682	29965	4096	31688
0x7b7c:	6781	29792	21816	31688
0x7b8c:	6572	29980	15	29977
0x7b9c:	1	1	29983	29983
$40 = "free"
0x7b4c:	5210	29711	5	5679
0x7b5c:	29821	1114124	29983	65552
0x7b6c:	0	29965	4096	31688
0x7b7c:	6781	29682	21816	31688
0x7b8c:	6572	29980	15	29977
0x7b9c:	1	1	29983	29983
$41 = "free"
0x7b4c:	5229	29682	5	5679
0x7b5c:	29821	1114124	29983	65552
0x7b6c:	0	29965	4096	31688
0x7b7c:	6781	29682	21816	31688
0x7b8c:	6572	29980	15	29977
0x7b9c:	1	1	29983	29983
$42 = "allocation"
0x7b1c:	4831	12	33947648	29699
0x7b2c:	1952478414	76	30000	0
0x7b3c:	24	29670	24	31608
0x7b4c:	5928	29682	5	5679
0x7b5c:	29754	1114124	29983	65552
$43 = "allocation"
0x7b3c:	5973	64	24	31608
0x7b4c:	5928	29682	5	5679
0x7b5c:	29754	1114124	29983	65552
0x7b6c:	0	29965	4096	31688
0x7b7c:	6803	21793	58	31688
$44 = "allocation"
0x7b3c:	6180	64	29902	31608
0x7b4c:	5928	29682	5	5679
0x7b5c:	29754	1114124	29983	5
0x7b6c:	29902	29965	4096	31688
0x7b7c:	6803	21793	58	31688
$45 = "allocation"
0x7aec:	4978	12	59778	0
0x7afc:	3640656386	4256563200	66584588	29971
0x7b0c:	29983	24	30000	31544
0x7b1c:	5127	29983	29821	29809
0x7b2c:	1963095246	76	357570	31608
$46 = "allocation"
0x7b3c:	6180	64	29821	31608
0x7b4c:	5928	29682	5	5679
0x7b5c:	29754	1114124	29983	11
0x7b6c:	29821	29965	4096	31688
0x7b7c:	6803	21793	58	31688
$47 = "allocation"
0x7aec:	4978	12	29821	0
0x7afc:	3640656386	4256563200	66584588	29792
0x7b0c:	29792	24	30000	31544
0x7b1c:	5127	29983	29711	29699
0x7b2c:	1952478414	76	291924	31608
$48 = "free"
0x7b4c:	5210	29902	5	5679
0x7b5c:	29754	1114124	29983	16
0x7b6c:	29792	29965	4096	31688
0x7b7c:	6849	29983	58	31688
0x7b8c:	6572	29980	1	29983
0x7b9c:	1	1	29983	29983
$49 = "free"
0x7b4c:	5229	29983	5	5679
0x7b5c:	29754	1114124	29983	16
0x7b6c:	29792	29965	4096	31688
0x7b7c:	6849	29983	58	31688
0x7b8c:	6572	29980	1	29983
0x7b9c:	1	1	29983	29983
$50 = "free"
0x7b4c:	5210	29821	5	5679
0x7b5c:	29754	1114124	29983	16
0x7b6c:	29682	29965	4096	31688
0x7b7c:	6849	29792	58	31688
0x7b8c:	6572	29980	1	29983
0x7b9c:	1	1	29983	29983
$51 = "free"
0x7b4c:	5229	29792	5	5679
0x7b5c:	29754	1114124	29983	16
0x7b6c:	29682	29965	4096	31688
0x7b7c:	6849	29792	58	31688
0x7b8c:	6572	29980	1	29983
0x7b9c:	1	1	29983	29983
$52 = "free"
0x7b4c:	5210	29711	5	5679
0x7b5c:	29754	1114124	29983	16
0x7b6c:	0	29965	4096	31688
0x7b7c:	6849	29682	58	31688
0x7b8c:	6572	29980	1	29983
0x7b9c:	1	1	29983	29983
$53 = "free"
0x7b4c:	5229	29682	5	5679
0x7b5c:	29754	1114124	29983	16
0x7b6c:	0	29965	4096	31688
0x7b7c:	6849	29682	58	31688
0x7b8c:	6572	29980	1	29983
0x7b9c:	1	1	29983	29983
$54 = "allocation"
0x7b6c:	17861	10	4096	31688
0x7b7c:	6849	0	58	31688
0x7b8c:	6572	235566364	0	3594
0x7b9c:	235539978	477954048	33685504	29962
0x7bac:	31672	7337	10	31704
$55 = "allocation"
0x7b6c:	18002	10	29985	10
0x7b7c:	6849	0	58	31688
0x7b8c:	6572	235566364	0	3594
0x7b9c:	235539978	477954048	33685504	29962
0x7bac:	31672	21947	1	29985
$56 = "free"
0x7b6c:	18153	29985	29985	10
0x7b7c:	6849	0	58	31688
0x7b8c:	6572	235566364	0	3594
0x7b9c:	235539978	477954048	1	1
0x7bac:	29958	21947	1	29985
0x7bbc:	21937	22050	0	31704
$57 = "free"
0x7b6c:	18174	29958	29985	10
0x7b7c:	6849	0	58	31688
0x7b8c:	6572	235566364	0	3594
0x7b9c:	235539978	477954048	1	1
0x7bac:	29958	21947	1	29985
0x7bbc:	21937	22050	0	31704
$58 = "allocation"
0x7b6c:	18191	25	29985	10
0x7b7c:	6849	0	58	31688
0x7b8c:	6572	235566364	0	3594
0x7b9c:	235539978	477954048	1	1
0x7bac:	29958	21947	1	29985
$59 = "free"
0x7b6c:	18215	29970	29985	10
0x7b7c:	6849	0	58	31688
0x7b8c:	6572	235566364	0	3594
0x7b9c:	235539978	29970	1	1
0x7bac:	29958	21947	1	29985
0x7bbc:	21937	22050	0	31704
$60 = "allocation"
0x7b6c:	18232	25	29985	10
0x7b7c:	6849	0	58	31688
0x7b8c:	6572	235566364	0	3594
0x7b9c:	235539978	29970	1	1
0x7bac:	29958	21947	1	29985
$61 = "free"
0x7b6c:	18278	29970	29985	10
0x7b7c:	6849	0	58	31688
0x7b8c:	6572	235566364	0	1
0x7b9c:	29970	29970	1	1
0x7bac:	29958	21947	1	29985
0x7bbc:	21937	22050	0	31704
$62 = "allocation"
0x7b4c:	4831	12	30000	0
0x7b5c:	37	29958	37	31688
0x7b6c:	18278	29970	29985	31688
0x7b7c:	18288	0	58	31688
0x7b8c:	6572	235566364	0	1
$63 = "allocation"
0x7b6c:	18316	20	29985	31688
0x7b7c:	18288	0	58	31688
0x7b8c:	6572	29983	29983	1
0x7b9c:	29970	29970	1	1
0x7bac:	29958	21947	1	29985
$64 = "allocation"
0x7b3c:	4978	12	30000	31608
0x7b4c:	4831	12	20	29934
0x7b5c:	29983	32	29971	31688
0x7b6c:	18345	29983	29946	31688
0x7b7c:	18288	0	58	31688
$65 = "allocation"
0x7b6c:	18362	20	29946	31688
0x7b7c:	18288	0	58	31688
0x7b8c:	29946	29983	29983	1
0x7b9c:	29970	29970	1	1
0x7bac:	29958	21947	1	29985
$66 = "allocation"
0x7b3c:	4978	12	29946	31608
0x7b4c:	4831	12	20	29868
0x7b5c:	29917	32	29905	31688
0x7b6c:	18391	29983	29880	31688
0x7b7c:	18288	0	58	31688
$67 = "allocation"
0x7b6c:	18408	20	29880	31688
0x7b7c:	18288	0	58	31688
0x7b8c:	29880	29983	29983	1
0x7b9c:	29970	29970	1	1
0x7bac:	29958	21947	1	29985
$68 = "allocation"
0x7b3c:	4978	12	29880	31608
0x7b4c:	4831	12	20	29802
0x7b5c:	29851	32	29839	31688
0x7b6c:	18437	29983	29814	31688
0x7b7c:	18288	0	58	31688
$69 = "free"
0x7b3c:	5210	0	29814	31608
0x7b4c:	4831	12	20	29785
0x7b5c:	29917	32	29839	31688
0x7b6c:	18458	29983	29814	31688
0x7b7c:	18288	0	58	31688
0x7b8c:	29814	29983	29983	1
$70 = "free"
0x7b3c:	5229	29983	29814	31608
0x7b4c:	4831	12	20	29785
0x7b5c:	29917	32	29839	31688
0x7b6c:	18458	29983	29814	31688
0x7b7c:	18288	0	58	31688
0x7b8c:	29814	29983	29983	1
$71 = "free"
0x7b3c:	5210	29946	29814	31608
0x7b4c:	4831	12	20	29785
0x7b5c:	29851	32	29839	31688
0x7b6c:	18458	29917	29814	31688
0x7b7c:	18288	0	58	31688
0x7b8c:	29814	29983	29983	1
$72 = "free"
0x7b3c:	5229	29917	29814	31608
0x7b4c:	4831	12	20	29785
0x7b5c:	29851	32	29839	31688
0x7b6c:	18458	29917	29814	31688
0x7b7c:	18288	0	58	31688
0x7b8c:	29814	29983	29983	1
$73 = "free"
0x7b3c:	5210	29880	29814	31608
0x7b4c:	4831	12	20	29785
0x7b5c:	29785	32	29839	31688
0x7b6c:	18458	29851	29814	31688
0x7b7c:	18288	0	58	31688
0x7b8c:	29814	29983	29983	1
$74 = "free"
0x7b3c:	5229	29851	29814	31608
0x7b4c:	4831	12	20	29785
0x7b5c:	29785	32	29839	31688
0x7b6c:	18458	29851	29814	31688
0x7b7c:	18288	0	58	31688
0x7b8c:	29814	29983	29983	1
$75 = "free"
0x7b3c:	5210	29814	29814	31608
0x7b4c:	4831	12	20	29785
0x7b5c:	0	32	29839	31688
0x7b6c:	18458	29785	29814	31688
0x7b7c:	18288	0	58	31688
0x7b8c:	29814	29983	29983	1
$76 = "free"
0x7b3c:	5229	29785	29814	31608
0x7b4c:	4831	12	20	29785
0x7b5c:	0	32	29839	31688
0x7b6c:	18458	29785	29814	31688
0x7b7c:	18288	0	58	31688
0x7b8c:	29814	29983	29983	1
$77 = "allocation"
0x7b4c:	4831	12	20	29785
0x7b5c:	0	32	29839	31688
0x7b6c:	18458	0	29814	31688
0x7b7c:	18468	0	58	31688
0x7b8c:	29814	29983	29983	1
$78 = "free"
0x7b3c:	5210	0	30000	31608
0x7b4c:	4831	12	20	29785
0x7b5c:	0	32	29839	31688
0x7b6c:	18512	29983	29814	31688
0x7b7c:	18468	0	1	29983
0x7b8c:	29814	29983	29983	1
$79 = "free"
0x7b3c:	5229	29983	30000	31608
0x7b4c:	4831	12	20	29785
0x7b5c:	0	32	29839	31688
0x7b6c:	18512	29983	29814	31688
0x7b7c:	18468	0	1	29983
0x7b8c:	29814	29983	29983	1
$80 = "allocation"
0x7afc:	7843	40	66584588	29682
0x7b0c:	29792	24	30000	1
0x7b1c:	50	29983	30000	0
0x7b2c:	24	29971	4096	31608
0x7b3c:	8910	50	1	31608
$81 = "free"
0x7b4e:	9027	29955	3276800	65536
0x7b5e:	2097152	1955528704	2076704768	1963130880
0x7b6e:	0	268435456	2076704768	595918848
0x7b7e:	65536	3276800	1430126592	1953890304
0x7b8e:	1964965888	3594	235536384	235536384
0x7b9e:	3594	7293	655874	2075656192
$82 = "allocation"
0x7b7c:	9113	512	50	21822
0x7b8c:	29814	235566367	0	3594
0x7b9c:	235539978	477954048	33685504	10
0x7bac:	31672	7337	10	3308504
0x7bbc:	21822	22078	0	31704
$83 = "allocation"
0x7afc:	7843	40	50	29682
0x7b0c:	29792	0	0	4026531841
0x7b1c:	65586	506134528	34996224	31608
0x7b2c:	9008	1	4096	31608
0x7b3c:	8233	50	1	2071461888
$84 = "free"
0x7b4e:	8350	29426	3276800	65536
0x7b5e:	2097152	33554432	1931411456	1928462336
0x7b6e:	34340864	268435456	2076704768	599654400
0x7b7e:	65536	3276800	1932197888	1953890304
0x7b8e:	1964965888	3594	235536384	235536384
0x7b9e:	3594	7293	655874	2075656192
$85 = "allocation"
0x7afc:	7843	40	50	29682
0x7b0c:	29792	0	0	4026531841
0x7b1c:	65585	501153792	34996224	31608
0x7b2c:	8331	1	4096	31608
0x7b3c:	8910	49	1	31608
$86 = "free"
0x7b4e:	9027	29426	3211264	65536
0x7b5e:	2097152	33554432	1931411456	1928462336
0x7b6e:	34340864	268435456	2076704768	604635136
0x7b7e:	65536	3211264	1430388736	1953890304
0x7b8e:	1964965888	3594	235536384	235536384
0x7b9e:	3594	7293	655874	1430388736
$87 = "allocation"
0x7b7c:	9246	512	49	21826
0x7b8c:	29814	235566367	0	3594
0x7b9c:	235539978	477954048	33685504	10
0x7bac:	21826	1	29483	3308504
0x7bbc:	21822	22078	0	31704
$88 = "allocation"
0x7afc:	7843	40	49	29682
0x7b0c:	29792	0	0	4026531841
0x7b1c:	65585	506134528	34996224	31608
0x7b2c:	9008	1	4096	31608
0x7b3c:	8233	49	1	2071461888
$89 = "free"
0x7b4e:	8350	28897	3211264	65536
0x7b5e:	2097152	33554432	1896742912	1893793792
0x7b6e:	34340864	268435456	2076704768	608763904
0x7b7e:	65536	3211264	1897529344	1953890304
0x7b8e:	1964965888	3594	235536384	235536384
0x7b9e:	3594	7293	1897529858	1430388736
$90 = "allocation"
0x7afc:	7843	40	49	29682
0x7b0c:	29792	0	0	4026531841
0x7b1c:	65586	501153792	34996224	31608
0x7b2c:	8331	1	4096	31608
0x7b3c:	8910	50	1	31608
$91 = "free"
0x7b4e:	9027	28897	3276800	65536
0x7b5e:	2097152	33554432	1896742912	1893793792
0x7b6e:	34340864	268435456	2076704768	615907328
0x7b7e:	65536	3276800	1430650880	1953890304
0x7b8e:	1964965888	3594	235536384	1430650880
0x7b9e:	65536	65536	1897529344	1430388736
$92 = "allocation"
0x7b7c:	9418	512	50	21830
0x7b8c:	29814	235566367	0	3594
0x7b9c:	21830	1	1	28954
0x7bac:	21826	1	29483	3308504
0x7bbc:	21822	22078	0	31704
$93 = "allocation"
0x7afc:	7843	40	50	29682
0x7b0c:	29792	0	0	4026531841
0x7b1c:	65586	506134528	34996224	31608
0x7b2c:	9008	1	4096	31608
0x7b3c:	8233	50	1	2071461888
$94 = "free"
0x7b4e:	8350	28368	3276800	65536
0x7b5e:	2097152	33554432	1862074368	1859125248
0x7b6e:	34340864	268435456	2076704768	619642880
0x7b7e:	65536	3276800	1862860800	1953890304
0x7b8e:	1964965888	3594	1862860800	1430650880
0x7b9e:	65536	65536	1897529344	1430388736
$95 = "free"
0x7b7c:	9544	29483	28425	28425
0x7b8c:	29814	1	1	28425
0x7b9c:	21830	1	1	28954
0x7bac:	21826	1	29483	3308504
0x7bbc:	21822	22078	0	31704
0x7bcc:	21187	22208	48	31738
$96 = "free"
0x7b7c:	9565	28954	28425	28425
0x7b8c:	29814	1	1	28425
0x7b9c:	21830	1	1	28954
0x7bac:	21826	1	29483	3308504
0x7bbc:	21822	22078	0	31704
0x7bcc:	21187	22208	48	31738
$97 = "free"
0x7b7c:	9586	28425	28425	28425
0x7b8c:	29814	1	1	28425
0x7b9c:	21830	1	1	28954
0x7bac:	21826	1	29483	3308504
0x7bbc:	21822	22078	0	31704
0x7bcc:	21187	22208	48	31738
$98 = "allocation"
0x7b4c:	9795	512	3	5679
0x7b5c:	21830	32	30000	0
0x7b6c:	524	28413	524	31688
0x7b7c:	11778	21834	28425	28425
0x7b8c:	29814	235536385	0	3594
$99 = "allocation"
0x7acc:	7843	40	12	29670
0x7adc:	1950547968	24	40	1
0x7aec:	1895628850	50	1	31544
0x7afc:	7931	1	4096	31560
0x7b0c:	8910	50	1	4026567210
$100 = "free"
0x7b1e:	9027	29426	3277334	65536
0x7b2e:	65536	262144	1931439869	1928462336
0x7b3e:	34340864	268435456	2071461888	650051584
0x7b4e:	65536	3276800	1932197888	1430650880
0x7b5e:	2097152	1966080000	0	1932197938
0x7b6e:	1862074368	34340864	2076704768	771883008
$101 = "allocation"
0x7b0c:	9682	512	3407872	2068316160
0x7b1c:	591593472	1928462336	34996224	50
0x7b2c:	51	1	1862074372	29471
0x7b3c:	29426	524	4096	31608
0x7b4c:	9956	51	50	29483
$102 = "allocation"
0x7a8c:	7843	40	0	0
0x7a9c:	0	0	0	1
0x7aac:	51	0	40	29414
0x7abc:	1964965888	50	4096	31496
0x7acc:	8910	51	1	29670
$103 = "free"
0x7ade:	9027	28897	3342336	126976
0x7aee:	1	33562155	1896743446	1893793792
0x7afe:	34340864	268435456	2068316160	638320640
0x7b0e:	65536	3342336	1897529344	0
0x7b1e:	9027	29426	3277334	3342336
0x7b2e:	65536	262144	1931439869	1897529344
$104 = "free"
0x7b0c:	9761	28954	51	28954
0x7b1c:	591593472	1928462336	34996224	50
0x7b2c:	51	1	1862074372	29471
0x7b3c:	28954	524	4096	31608
0x7b4c:	9956	51	50	29483
0x7b5c:	21830	32	30000	3276800
$105 = "free"
0x7b4c:	9990	29483	50	29483
0x7b5c:	21830	32	30000	3276800
0x7b6c:	29483	28413	524	31688
0x7b7c:	11778	21834	28425	28425
0x7b8c:	29814	235536385	0	3594
0x7b9c:	235539978	477954048	33685504	28938
$106 = "allocation"
0x7afc:	10038	512	524	31560
0x7b0c:	9761	28954	51	28954
0x7b1c:	591593522	1928462336	34996224	50
0x7b2c:	51	1	30000	31608
0x7b3c:	10813	50	524	31608
$107 = "allocation"
0x7a7c:	7843	40	1	31432
0x7a8c:	7931	1	51	68
0x7a9c:	50	0	0	4026567210
0x7aac:	66118	506134528	4096	31480
0x7abc:	8233	50	68	0
$108 = "free"
0x7ace:	8350	29426	3276852	4487944
0x7ade:	9027	33583329	1931411456	1928462336
0x7aee:	34340864	268435456	2067267584	660275200
0x7afe:	4456448	3276800	1932197888	639696896
0x7b0e:	1897529344	3342336	1897529344	3276800
0x7b1e:	9027	29426	3277334	1932197888
$109 = "allocation"
0x7afc:	10122	512	50	29483
0x7b0c:	9761	28954	51	28954
0x7b1c:	591593523	1928462336	34996224	50
0x7b2c:	29483	1	30000	31608
0x7b3c:	10847	51	524	31608
$110 = "allocation"
0x7a7c:	7843	40	55552	55552
0x7a8c:	64804	0	0	4026531841
0x7a9c:	65587	501153792	34734080	31480
0x7aac:	8331	1	4096	31480
0x7abc:	8233	51	1	2063073280
$111 = "free"
0x7ace:	8350	28897	3342388	97032
0x7ade:	9027	33583329	1896742912	1893793792
0x7aee:	34340864	268435456	2067267584	665780224
0x7afe:	65536	3342336	1897529344	639696896
0x7b0e:	1897529344	3342336	1897529344	3342336
0x7b1e:	9027	29426	3277334	1897529344
$112 = "allocation"
0x7abc:	7843	40	3407872	2063073280
0x7acc:	547225600	1893793792	3407872	2064121857
0x7adc:	591593523	1893793792	512	28942
0x7aec:	28897	524	4096	31544
0x7afc:	8910	51	1	28954
$113 = "free"
0x7b0e:	9027	28897	3342336	65536
0x7b1e:	9027	291570	3277334	1893793792
0x7b2e:	33292288	268435456	2071461888	721027072
0x7b3e:	65536	3342336	1897529344	654704640
0x7b4e:	1932197888	3276800	0	3276800
0x7b5e:	2097152	1897529348	1932197888	1932197888
$114 = "allocation"
0x7abc:	7843	40	51	2063073280
0x7acc:	0	0	0	4026531841
0x7adc:	65586	506134528	34734080	31544
0x7aec:	9008	1	4096	31544
0x7afc:	8910	50	1	2067267584
$115 = "free"
0x7b0e:	9027	28897	3276800	65536
0x7b1e:	9027	291570	3277334	1893793792
0x7b2e:	33292288	268435456	2071461888	735576064
0x7b3e:	65536	3276800	1932197888	654704640
0x7b4e:	1932197888	3276800	0	3276800
0x7b5e:	2097152	1897529348	1932197888	1932197888
$116 = "free"
0x7b3c:	11245	29483	50	29483
0x7b4c:	9990	29483	50	0
0x7b5c:	50	262176	28954	29483
0x7b6c:	3371819	28413	524	31688
0x7b7c:	11823	50	21839	4
0x7b8c:	29814	235536385	0	3594
$117 = "free"
0x7b3c:	11266	28954	50	29483
0x7b4c:	9990	29483	50	0
0x7b5c:	50	262176	28954	29483
0x7b6c:	3371819	28413	524	31688
0x7b7c:	11823	50	21839	4
0x7b8c:	29814	235536385	0	3594
$118 = "allocation"
0x7b2c:	11311	512	524	31608
0x7b3c:	11266	28954	50	29483
0x7b4c:	50	29483	50	0
0x7b5c:	50	262176	28954	29483
0x7b6c:	3371819	28413	4096	31688
$119 = "allocation"
0x7aac:	7843	40	1	31480
0x7abc:	7931	1	50	2063073281
0x7acc:	50	0	0	4026567210
0x7adc:	66118	506134528	4096	31528
0x7aec:	8233	50	1	0
$120 = "free"
0x7afe:	8350	29426	3276852	97080
0x7b0e:	9027	33583329	1931411456	1928462336
0x7b1e:	34340864	268435456	2071461888	743702528
0x7b2e:	65536	3276800	1932197888	738328576
0x7b3e:	1897529344	3276800	1932197888	3276800
0x7b4e:	1932197888	3276800	0	3276800
$121 = "allocation"
0x7b2c:	11396	5	50	29483
0x7b3c:	11266	28954	50	29483
0x7b4c:	50	29483	50	0
0x7b5c:	50	262176	28954	29483
0x7b6c:	29483	28413	4096	31688
$122 = "allocation"
0x7b2c:	11421	512	50	29483
0x7b3c:	11266	28954	50	29483
0x7b4c:	50	29483	50	0
0x7b5c:	50	262176	29461	29483
0x7b6c:	29483	28413	4096	31688
$123 = "allocation"
0x7aac:	7843	40	50	31480
0x7abc:	7931	0	0	4026531841
0x7acc:	65587	501153792	34734080	31528
0x7adc:	8331	1	4096	31528
0x7aec:	8233	51	1	2066219008
$124 = "free"
0x7afe:	8350	28875	3342388	97080
0x7b0e:	9027	33583329	1895301120	1892352000
0x7b1e:	34340864	268435456	2071461888	751370240
0x7b2e:	65536	3342336	1896087552	738328576
0x7b3e:	1897529344	3276800	1932197888	3276800
0x7b4e:	1932197888	3276800	0	3276800
$125 = "free"
0x7b2c:	11714	28932	28936	4
0x7b3c:	11266	28954	50	29483
0x7b4c:	50	29483	50	0
0x7b5c:	524338	28932	29461	29483
0x7b6c:	4294472491	28413	4096	31688
0x7b7c:	11845	50	21839	4
$126 = "free"
0x7b2c:	11735	29483	28936	4
0x7b3c:	11266	28954	50	29483
0x7b4c:	50	29483	50	0
0x7b5c:	524338	28932	29461	29483
0x7b6c:	4294472491	28413	4096	31688
0x7b7c:	11845	50	21839	4
$127 = "allocation"
0x7b4c:	9795	512	3	5679
0x7b5c:	29461	28932	29461	29483
0x7b6c:	262147	28413	4096	31688
0x7b7c:	11899	21843	21839	4
0x7b8c:	29814	235536385	0	3594
$128 = "allocation"
0x7acc:	7843	40	34734080	31528
0x7adc:	8331	1	1895301171	1
0x7aec:	3407924	1891565568	3407872	2066219008
0x7afc:	547225600	1892352000	4096	31560
0x7b0c:	8910	52	1	29449
$129 = "free"
0x7b1e:	9027	28875	3407872	65536
0x7b2e:	1932197888	327680	1895301120	1892352000
0x7b3e:	34340864	268435456	2071461888	650051584
0x7b4e:	65536	3407872	1896087552	1930756096
0x7b5e:	1896087552	1930756096	1932197888	1896087604
0x7b6e:	1862074368	268435456	2076704768	779812864
$130 = "allocation"
0x7b0c:	9682	512	3407872	2068316160
0x7b1c:	591593472	1892352000	0	52
0x7b2c:	53	29483	5	28920
0x7b3c:	28875	524	4096	31608
0x7b4c:	9956	53	52	28932
$131 = "allocation"
0x7a8c:	7843	40	40	28863
0x7a9c:	1928856134	51	1	1
0x7aac:	53	1	40	28863
0x7abc:	1928863483	52	4096	31496
0x7acc:	8910	53	1	31528
$132 = "free"
0x7ade:	9027	28346	3473408	126976
0x7aee:	1	33562155	1860633110	1857683456
0x7afe:	34340864	268435456	2068316160	638320640
0x7b0e:	65536	3473408	1861419008	0
0x7b1e:	9027	28875	3407872	3473408
0x7b2e:	1932197888	327680	1895301120	1861419008
$133 = "free"
0x7b0c:	9761	28403	53	28403
0x7b1c:	591593472	1892352000	0	52
0x7b2c:	53	29483	5	28920
0x7b3c:	28403	524	4096	31608
0x7b4c:	9956	53	52	28932
0x7b5c:	29461	28932	29461	3437355
$134 = "free"
0x7b4c:	9990	28932	52	28932
0x7b5c:	29461	28932	29461	3437355
0x7b6c:	28932	28413	4096	31688
0x7b7c:	11899	21843	21839	4
0x7b8c:	29814	235536385	0	3594
0x7b9c:	235539978	477954048	33685504	28938
$135 = "allocation"
0x7afc:	10038	512	524	31560
0x7b0c:	9761	28403	53	28403
0x7b1c:	591593524	1892352000	0	52
0x7b2c:	53	29483	29449	31608
0x7b3c:	10813	52	524	31608
$136 = "allocation"
0x7a7c:	7843	40	1	31432
0x7a8c:	7931	1	53	68
0x7a9c:	52	0	0	4026567210
0x7aac:	66118	506134528	4096	31480
0x7abc:	8233	52	68	0
$137 = "free"
0x7ace:	8350	28875	3407924	4487944
0x7ade:	9027	33582778	1895301120	1892352000
0x7aee:	34340864	268435456	2067267584	660275200
0x7afe:	4456448	3407872	1896087552	639696896
0x7b0e:	1861419008	3473408	1861419008	3407872
0x7b1e:	9027	28875	3407872	1896087552
$138 = "allocation"
0x7afc:	10122	512	52	28932
0x7b0c:	9761	28403	53	28403
0x7b1c:	591593525	1892352000	0	52
0x7b2c:	28932	29483	29449	31608
0x7b3c:	10847	53	524	31608
$139 = "allocation"
0x7a7c:	7843	40	52	31432
0x7a8c:	7931	0	0	4026531841
0x7a9c:	65589	501153792	34734080	31480
0x7aac:	8331	1	4096	31480
0x7abc:	8233	53	1	2063073280
$140 = "free"
0x7ace:	8350	28346	3473460	97032
0x7ade:	9027	33582778	1860632576	1857683456
0x7aee:	34340864	268435456	2067267584	665780224
0x7afe:	65536	3473408	1861419008	639696896
0x7b0e:	1861419008	3473408	1861419008	3473408
0x7b1e:	9027	28875	3407872	1861419008
$141 = "allocation"
0x7abc:	7843	40	3407872	2063073280
0x7acc:	547225600	1857683456	3407872	2064121857
0x7adc:	591593525	1857683456	512	28391
0x7aec:	28346	524	4096	31544
0x7afc:	8910	53	1	28403
$142 = "free"
0x7b0e:	9027	28346	3473408	65536
0x7b1e:	9027	291019	3407872	1857683456
0x7b2e:	33292288	268435456	2071461888	721027072
0x7b3e:	65536	3473408	1861419008	654704640
0x7b4e:	1896087552	3407872	0	3407872
0x7b5e:	1896087552	1861419012	1896087552	1896087552
$143 = "allocation"
0x7abc:	7843	40	53	2063073280
0x7acc:	0	0	0	4026531841
0x7adc:	65588	506134528	34734080	31544
0x7aec:	9008	1	4096	31544
0x7afc:	8910	52	1	2067267584
$144 = "free"
0x7b0e:	9027	28346	3407872	65536
0x7b1e:	9027	291019	3407872	1857683456
0x7b2e:	33292288	268435456	2071461888	735576064
0x7b3e:	65536	3407872	1896087552	654704640
0x7b4e:	1896087552	3407872	0	3407872
0x7b5e:	1896087552	1861419012	1896087552	1896087552
$145 = "free"
0x7b3c:	11245	28932	52	28932
0x7b4c:	9990	28932	52	0
0x7b5c:	52	291076	28403	28932
0x7b6c:	3502340	28413	4096	31688
0x7b7c:	11944	52	21849	4
0x7b8c:	29814	235536385	0	3594
$146 = "free"
0x7b3c:	11266	28403	52	28932
0x7b4c:	9990	28932	52	0
0x7b5c:	52	291076	28403	28932
0x7b6c:	3502340	28413	4096	31688
0x7b7c:	11944	52	21849	4
0x7b8c:	29814	235536385	0	3594
$147 = "allocation"
0x7b2c:	11311	512	524	31608
0x7b3c:	11266	28403	52	28932
0x7b4c:	52	28932	52	0
0x7b5c:	52	291076	28403	28932
0x7b6c:	3502340	28413	4096	31688
$148 = "allocation"
0x7aac:	7843	40	1	31480
0x7abc:	7931	1	52	2063073281
0x7acc:	52	0	0	4026567210
0x7adc:	66118	506134528	4096	31528
0x7aec:	8233	52	1	0
$149 = "free"
0x7afe:	8350	28875	3407924	97080
0x7b0e:	9027	33582778	1895301120	1892352000
0x7b1e:	34340864	268435456	2071461888	743702528
0x7b2e:	65536	3407872	1896087552	738328576
0x7b3e:	1861419008	3407872	1896087552	3407872
0x7b4e:	1896087552	3407872	0	3407872
$150 = "allocation"
0x7b2c:	11396	5	52	28932
0x7b3c:	11266	28403	52	28932
0x7b4c:	52	28932	52	0
0x7b5c:	52	291076	28403	28932
0x7b6c:	28932	28413	4096	31688
$151 = "allocation"
0x7b2c:	11421	512	52	28932
0x7b3c:	11266	28403	52	28932
0x7b4c:	52	28932	52	0
0x7b5c:	52	291076	28910	28932
0x7b6c:	28932	28413	4096	31688
$152 = "allocation"
0x7aac:	7843	40	52	31480
0x7abc:	7931	0	0	4026531841
0x7acc:	65589	501153792	34734080	31528
0x7adc:	8331	1	4096	31528
0x7aec:	8233	53	1	2066219008
$153 = "free"
0x7afe:	8350	28324	3473460	97080
0x7b0e:	9027	33582778	1859190784	1856241664
0x7b1e:	34340864	268435456	2071461888	751370240
0x7b2e:	65536	3473408	1859977216	738328576
0x7b3e:	1861419008	3407872	1896087552	3407872
0x7b4e:	1896087552	3407872	0	3407872
$154 = "free"
0x7b2c:	11714	28381	28385	4
0x7b3c:	11266	28403	52	28932
0x7b4c:	52	28932	52	0
0x7b5c:	524340	28381	28910	28932
0x7b6c:	4294471940	28413	4096	31688
0x7b7c:	11966	52	21849	4
$155 = "free"
0x7b2c:	11735	28932	28385	4
0x7b3c:	11266	28403	52	28932
0x7b4c:	52	28932	52	0
0x7b5c:	524340	28381	28910	28932
0x7b6c:	4294471940	28413	4096	31688
0x7b7c:	11966	52	21849	4
$156 = "free"
0x7b7c:	12060	29461	29461	4
0x7b8c:	29814	235536385	0	3594
0x7b9c:	1	1	28910	21849
0x7bac:	3439544	1	29461	21839
0x7bbc:	3298031	22102	0	31704
0x7bcc:	21241	22208	48	31738
$157 = "free"
0x7b7c:	12081	28910	29461	4
0x7b8c:	29814	235536385	0	3594
0x7b9c:	1	1	28910	21849
0x7bac:	3439544	1	29461	21839
0x7bbc:	3298031	22102	0	31704
0x7bcc:	21241	22208	48	31738
$158 = "allocation"
0x7b3c:	10038	512	3	31608
0x7b4c:	5699	3	3	5679
0x7b5c:	50	28381	30000	0
0x7b6c:	17	28898	17	31656
0x7b7c:	16383	50	29461	4
$159 = "allocation"
0x7abc:	7843	40	0	4026567210
0x7acc:	66118	501153792	34734080	68
0x7adc:	50	1	1859190837	0
0x7aec:	3407872	1855455232	4096	31544
0x7afc:	8233	50	68	2067267637
$160 = "free"
0x7b0e:	8350	29426	3276800	4456448
0x7b1e:	1895301120	33554432	1931411456	1928462336
0x7b2e:	34340864	268435456	2071461888	660275200
0x7b3e:	4456448	3276800	1932197888	373489664
0x7b4e:	196608	196608	372178944	3276800
0x7b5e:	1859977216	1966080000	0	1932197888
$161 = "free"
0x7b7c:	16462	29483	21904	4
0x7b8c:	29814	235536385	0	29483
0x7b9c:	3280394	477954048	33685504	31688
0x7bac:	16512	7337	10	31704
0x7bbc:	21284	22140	0	31704
0x7bcc:	21294	22208	48	31738
$162 = "allocation"
0x7b3c:	10038	512	4262985728	0
0x7b4c:	0	1163591680	33947648	5679
0x7b5c:	51	28381	30000	0
0x7b6c:	524	29471	524	31656
0x7b7c:	16383	51	21904	4
$163 = "allocation"
0x7abc:	7843	40	50	4026567210
0x7acc:	582	0	0	4026531908
0x7adc:	65587	501153792	34734080	31544
0x7aec:	8331	1	4096	31544
0x7afc:	8233	51	68	2067267584
$164 = "free"
0x7b0e:	8350	29426	3342336	4456448
0x7b1e:	0	33554432	1931411456	1928462336
0x7b2e:	34340864	268435456	2071461888	660275200
0x7b3e:	4456448	3342336	1932197888	0
0x7b4e:	0	17755	372179462	3342336
0x7b5e:	1859977216	1966080000	0	1932197888
$165 = "free"
0x7b7c:	16462	29483	21904	4
0x7b8c:	29814	235536385	0	29483
0x7b9c:	3345930	477954048	33685504	31688
0x7bac:	16512	7337	10	31704
0x7bbc:	21284	22140	0	31704
0x7bcc:	21294	22208	48	31738
$166 = "allocation"
0x7b3c:	10038	512	1	31608
0x7b4c:	5699	1	4	5679
0x7b5c:	52	28381	30000	0
0x7b6c:	524	29471	524	31656
0x7b7c:	16383	52	21904	4
$167 = "allocation"
0x7abc:	7843	40	51	4026567210
0x7acc:	582	0	0	4026531908
0x7adc:	65588	501153792	34734080	31544
0x7aec:	8331	1	4096	31544
0x7afc:	8233	52	68	2067267584
$168 = "free"
0x7b0e:	8350	29426	3407872	4456448
0x7b1e:	0	33554432	1931411456	1928462336
0x7b2e:	34340864	268435456	2071461888	660275200
0x7b3e:	4456448	3407872	1932197888	373489664
0x7b4e:	65536	262144	372178944	3407872
0x7b5e:	1859977216	1966080000	0	1932197888
$169 = "free"
0x7b7c:	16462	29483	21904	4
0x7b8c:	29814	235536385	0	29483
0x7b9c:	3411466	477954048	33685504	31688
0x7bac:	16512	7337	10	31704
0x7bbc:	21284	22140	0	31704
0x7bcc:	21294	22208	48	31738
$170 = "allocation"
0x7b3c:	10038	512	5	31608
0x7b4c:	5699	5	4	5679
0x7b5c:	53	28381	30000	0
0x7b6c:	524	29471	524	31656
0x7b7c:	16383	53	21904	4
$171 = "allocation"
0x7abc:	7843	40	52	4026567210
0x7acc:	582	0	0	4026531908
0x7adc:	65589	501153792	34734080	31544
0x7aec:	8331	1	4096	31544
0x7afc:	8233	53	68	2067267584
$172 = "free"
0x7b0e:	8350	29426	3473408	4456448
0x7b1e:	0	33554432	1931411456	1928462336
0x7b2e:	34340864	268435456	2071461888	660275200
0x7b3e:	4456448	3473408	1932197888	373489664
0x7b4e:	327680	262144	372178944	3473408
0x7b5e:	1859977216	1966080000	0	1932197888
$173 = "free"
0x7b7c:	16462	29483	21904	4
0x7b8c:	29814	235536385	0	29483
0x7b9c:	3477002	477954048	33685504	31688
0x7bac:	16512	7337	10	31704
0x7bbc:	21284	22140	0	31704
0x7bcc:	21294	22208	48	31738
$174 = "allocation"
0x7b3c:	10038	512	1	31608
0x7b4c:	5699	1	4	5679
0x7b5c:	54	28381	30000	0
0x7b6c:	524	29471	524	31656
0x7b7c:	16383	54	21904	4
$175 = "allocation"
0x7abc:	7843	40	53	4026567210
0x7acc:	582	0	0	4026531908
0x7adc:	65590	501153792	34734080	31544
0x7aec:	8331	1	4096	31544
0x7afc:	8233	54	68	2067267584
$176 = "free"
0x7b0e:	8350	29426	3538944	4456448
0x7b1e:	0	33554432	1931411456	1928462336
0x7b2e:	34340864	268435456	2071461888	660275200
0x7b3e:	4456448	3538944	1932197888	373489664
0x7b4e:	65536	262144	372178944	3538944
0x7b5e:	1859977216	1966080000	0	1932197888
$177 = "free"
0x7b7c:	16462	29483	21904	4
0x7b8c:	29814	235536385	0	29483
0x7b9c:	3542538	477954048	33685504	31688
0x7bac:	16512	7337	10	31704
0x7bbc:	21284	22140	0	31704
0x7bcc:	21294	22208	48	31738
$178 = "allocation"
0x7b3c:	10038	512	0	31608
0x7b4c:	5699	0	4	5679
0x7b5c:	55	28381	30000	0
0x7b6c:	524	29471	524	31656
0x7b7c:	16383	55	21904	4
$179 = "allocation"
0x7abc:	7843	40	54	4026567210
0x7acc:	582	0	0	4026531908
0x7adc:	65591	501153792	34734080	31544
0x7aec:	8331	1	4096	31544
0x7afc:	8233	55	68	2067267584
$180 = "free"
0x7b0e:	8350	29426	3604480	4456448
0x7b1e:	0	33554432	1931411456	1928462336
0x7b2e:	34340864	268435456	2071461888	660275200
0x7b3e:	4456448	3604480	1932197888	373489664
0x7b4e:	0	262144	372178944	3604480
0x7b5e:	1859977216	1966080000	0	1932197888
$181 = "free"
0x7b7c:	16462	29483	21904	4
0x7b8c:	29814	235536385	0	29483
0x7b9c:	3608074	477954048	33685504	31688
0x7bac:	16512	7337	10	31704
0x7bbc:	21284	22140	0	31704
0x7bcc:	21294	22208	48	31738
$182 = "allocation"
0x7b3c:	10038	512	0	31608
0x7b4c:	5699	0	4	5679
0x7b5c:	56	28381	30000	0
0x7b6c:	524	29471	524	31656
0x7b7c:	16383	56	21904	4
$183 = "allocation"
0x7abc:	7843	40	55	4026567210
0x7acc:	582	0	0	4026531908
0x7adc:	65592	501153792	34734080	31544
0x7aec:	8331	1	4096	31544
0x7afc:	8233	56	68	2067267584
$184 = "free"
0x7b0e:	8350	29426	3670016	4456448
0x7b1e:	0	33554432	1931411456	1928462336
0x7b2e:	34340864	268435456	2071461888	660275200
0x7b3e:	4456448	3670016	1932197888	373489664
0x7b4e:	0	262144	372178944	3670016
0x7b5e:	1859977216	1966080000	0	1932197888
$185 = "free"
0x7b7c:	16462	29483	21904	4
0x7b8c:	29814	235536385	0	29483
0x7b9c:	3673610	477954048	33685504	31688
0x7bac:	16512	7337	10	31704
0x7bbc:	21284	22140	0	31704
0x7bcc:	21294	22208	48	31738
$186 = "allocation"
0x7b3c:	10038	512	0	31608
0x7b4c:	5699	0	4	5679
0x7b5c:	57	28381	30000	0
0x7b6c:	524	29471	524	31656
0x7b7c:	16383	57	21904	4
$187 = "allocation"
0x7abc:	7843	40	56	4026567210
0x7acc:	582	0	0	4026531908
0x7adc:	65593	501153792	34734080	31544
0x7aec:	8331	1	4096	31544
0x7afc:	8233	57	68	2067267584
$188 = "free"
0x7b0e:	8350	29426	3735552	4456448
0x7b1e:	0	33554432	1931411456	1928462336
0x7b2e:	34340864	268435456	2071461888	660275200
0x7b3e:	4456448	3735552	1932197888	373489664
0x7b4e:	0	262144	372178944	3735552
0x7b5e:	1859977216	1966080000	0	1932197888
$189 = "free"
0x7b7c:	16462	29483	21904	4
0x7b8c:	29814	235536385	0	29483
0x7b9c:	3739146	477954048	33685504	31688
0x7bac:	16512	7337	10	31704
0x7bbc:	21284	22140	0	31704
0x7bcc:	21294	22208	48	31738
$190 = "allocation"
0x7b3c:	10038	512	0	31608
0x7b4c:	5699	0	4	5679
0x7b5c:	58	28381	30000	0
0x7b6c:	524	29471	524	31656
0x7b7c:	16383	58	21904	4
$191 = "allocation"
0x7abc:	7843	40	57	4026567210
0x7acc:	582	0	0	4026531908
0x7adc:	65594	501153792	34734080	31544
0x7aec:	8331	1	4096	31544
0x7afc:	8233	58	68	2067267584
$192 = "free"
0x7b0e:	8350	29426	3801088	4456448
0x7b1e:	0	33554432	1931411456	1928462336
0x7b2e:	34340864	268435456	2071461888	660275200
0x7b3e:	4456448	3801088	1932197888	373489664
0x7b4e:	0	262144	372178944	3801088
0x7b5e:	1859977216	1966080000	0	1932197888
$193 = "free"
0x7b7c:	16462	29483	21904	4
0x7b8c:	29814	235536385	0	29483
0x7b9c:	3804682	477954048	33685504	31688
0x7bac:	16512	7337	10	31704
0x7bbc:	21284	22140	0	31704
0x7bcc:	21294	22208	48	31738
$194 = "allocation"
0x7b3c:	10038	512	0	31608
0x7b4c:	5699	0	4	5679
0x7b5c:	59	28381	30000	0
0x7b6c:	524	29471	524	31656
0x7b7c:	16383	59	21904	4
$195 = "allocation"
0x7abc:	7843	40	58	4026567210
0x7acc:	582	0	0	4026531908
0x7adc:	65595	501153792	34734080	31544
0x7aec:	8331	1	4096	31544
0x7afc:	8233	59	68	2067267584
$196 = "free"
0x7b0e:	8350	29426	3866624	4456448
0x7b1e:	0	33554432	1931411456	1928462336
0x7b2e:	34340864	268435456	2071461888	660275200
0x7b3e:	4456448	3866624	1932197888	373489664
0x7b4e:	0	262144	372178944	3866624
0x7b5e:	1859977216	1966080000	0	1932197888
$197 = "free"
0x7b7c:	16462	29483	21904	4
0x7b8c:	29814	235536385	0	29483
0x7b9c:	3870218	477954048	33685504	31688
0x7bac:	16512	7337	10	31704
0x7bbc:	21284	22140	0	31704
0x7bcc:	21294	22208	48	31738
$198 = "allocation"
0x7b7c:	4831	12	21904	4
0x7b8c:	29814	235536385	0	29483
0x7b9c:	3935754	477954048	33685504	31688
0x7bac:	16560	7337	10	31704
0x7bbc:	21284	22140	0	31704
$199 = "allocation"
0x7b6c:	9795	512	30000	31656
0x7b7c:	4831	12	21904	4
0x7b8c:	29814	235536385	0	31688
0x7b9c:	16580	21904	33685504	31688
0x7bac:	16560	7337	10	31704
$200 = "allocation"
0x7aec:	7843	40	1931411515	0
0x7afc:	3407872	1927675904	3407872	2067267585
0x7b0c:	547225654	1928462336	0	59
0x7b1c:	68	0	4096	31592
0x7b2c:	8910	54	1	31608
$201 = "free"
0x7b3e:	9027	29397	3538944	65536
0x7b4e:	0	262144	1929510912	1926561792
0x7b5e:	34340864	268435456	2073559040	650051584
0x7b6e:	65536	3538944	1930297344	316604416
0x7b7e:	786432	1435500544	262144	1930297398
0x7b8e:	65536	3594	2076704768	1086586880
$202 = "allocation"
0x7b2c:	9682	512	3407872	2070413312
0x7b3c:	591593472	1926561792	0	54
0x7b4c:	55	0	4	29442
0x7b5c:	29397	524	4096	31640
0x7b6c:	9956	55	54	29454
$203 = "allocation"
0x7aac:	7843	40	1	31480
0x7abc:	7931	1	59	4026531841
0x7acc:	55	0	40	29385
0x7adc:	1963065926	54	4096	31528
0x7aec:	8910	55	1	0
$204 = "free"
0x7afe:	9027	28868	3604480	126976
0x7b0e:	1	33562155	1894842898	1891893248
0x7b1e:	34340864	268435456	2070413312	638320640
0x7b2e:	65536	3604480	1895628800	0
0x7b3e:	9027	29397	3538944	3604480
0x7b4e:	0	262144	1929510912	1895628800
$205 = "free"
0x7b2c:	9761	28925	55	28925
0x7b3c:	591593472	1926561792	0	54
0x7b4c:	55	0	4	29442
0x7b5c:	28925	524	4096	31640
0x7b6c:	9956	55	54	29454
0x7b7c:	4831	12	21904	3538948
$206 = "free"
0x7b6c:	9990	29454	54	29454
0x7b7c:	4831	12	21904	3538948
0x7b8c:	29454	235536385	0	31688
0x7b9c:	16580	21904	33685504	31688
0x7bac:	16560	7337	10	31704
0x7bbc:	21284	22140	0	31704
$207 = "allocation"
0x7b8c:	7417	26	0	31688
0x7b9c:	16580	21904	33685504	31688
0x7bac:	1523888	7337	10	31704
0x7bbc:	21310	22141	0	31704
0x7bcc:	21294	22208	48	31738
$208 = "free"
0x7b8c:	7562	29940	22141	23
0x7b9c:	16580	21904	33685504	29940
0x7bac:	1523888	7337	10	31704
0x7bbc:	21310	22141	0	31704
0x7bcc:	21294	22208	48	31738
0x7bdc:	21594	0	64804	0
$209 = "allocation"
0x7adc:	4831	12	1894842423	0
0x7aec:	3407872	1891106816	3407872	2066219008
0x7afc:	591593472	1891893248	0	31544
0x7b0c:	5928	506134528	29442	0
0x7b1c:	570	28913	524	31592
$210 = "allocation"
0x7afc:	5973	64	0	31544
0x7b0c:	5928	506134528	29442	0
0x7b1c:	570	356593	29954	31592
0x7b2c:	9761	28925	55	31608
0x7b3c:	15893	21928	58	54
$211 = "free"
0x7afc:	6136	29873	0	31544
0x7b0c:	5928	506134528	29442	0
0x7b1c:	570	356593	29954	0
0x7b2c:	29873	28925	55	31608
0x7b3c:	15893	21928	58	54
0x7b4c:	55	0	29971	0
$212 = "allocation"
0x7afc:	6180	64	0	31544
0x7b0c:	5928	506134528	29442	0
0x7b1c:	570	356593	29954	0
0x7b2c:	29873	28925	55	31608
0x7b3c:	15893	21928	58	54
$213 = "allocation"
0x7b0c:	9795	512	29442	0
0x7b1c:	0	356593	29954	4
0x7b2c:	29954	0	65591	31608
0x7b3c:	16076	29873	0	54
0x7b4c:	55	0	29971	0
$214 = "allocation"
0x7a8c:	7843	40	40	28856
0x7a9c:	1928397382	55	1	1
0x7aac:	56	1	55	31480
0x7abc:	7931	0	4096	31496
0x7acc:	8910	56	1	5679
$215 = "free"
0x7ade:	9027	29287	3670016	65536
0x7aee:	4980737	196608	1922301952	1919352832
0x7afe:	34340864	268435456	2067267584	650051584
0x7b0e:	65536	3670016	1923088384	0
0x7b1e:	1894842368	1963065349	262144	1923088440
0x7b2e:	0	3604480	2071461889	1053556736
$216 = "allocation"
0x7acc:	9682	512	3407872	2064121856
0x7adc:	591593472	1919352832	0	56
0x7aec:	65593	76	3	29332
0x7afc:	29287	524	4096	31544
0x7b0c:	9956	57	56	29344
$217 = "allocation"
0x7a4c:	7843	40	0	0
0x7a5c:	0	0	40	1
0x7a6c:	1894187065	53	40	29275
0x7a7c:	1955864315	56	4096	31432
0x7a8c:	8910	57	1	28856
$218 = "free"
0x7a9e:	9027	28758	3735552	126976
0x7aae:	1	33562155	1887633942	1884684288
0x7abe:	34340864	268435456	2064121856	638320640
0x7ace:	65536	3735552	1888419840	0
0x7ade:	9027	29287	3670016	3735552
0x7aee:	4980737	196608	1922301952	1888419840
$219 = "free"
0x7acc:	9761	28815	57	28815
0x7adc:	591593472	1919352832	0	56
0x7aec:	65593	76	3	29332
0x7afc:	28815	524	4096	31544
0x7b0c:	9956	57	56	29344
0x7b1c:	0	356593	29954	3670020
$220 = "free"
0x7b0c:	9990	29344	56	29344
0x7b1c:	0	356593	29954	3670020
0x7b2c:	29344	0	65591	31608
0x7b3c:	16076	29873	0	54
0x7b4c:	55	0	29971	0
0x7b5c:	524	29954	29873	3542538
$221 = "allocation"
0x7a9c:	11311	512	0	4026531897
0x7aac:	65537	506134528	29332	0
0x7abc:	54	28803	524	31496
0x7acc:	9761	28815	57	28815
0x7adc:	591593472	1919352832	4096	31544
$222 = "allocation"
0x7a1c:	7843	40	0	0
0x7a2c:	0	0	40	3917611009
0x7a3c:	54	33685504	55552	64674
0x7a4c:	1016	33394	4096	31384
0x7a5c:	8233	54	1	4026567210
$223 = "free"
0x7a6e:	8350	29287	3539474	65536
0x7a7e:	65536	33554432	1922330755	1919352832
0x7a8e:	34340864	268435456	2062024704	743702528
0x7a9e:	65536	3538944	1923088384	65536
0x7aae:	1	1922309675	0	3538944
0x7abe:	1887633408	34340864	2064121856	639696896
$224 = "allocation"
0x7a9c:	11396	5	54	29344
0x7aac:	65537	506134528	29332	0
0x7abc:	54	28803	524	31496
0x7acc:	9761	28815	57	29344
0x7adc:	0	1919352832	4096	31544
$225 = "allocation"
0x7a9c:	11421	512	54	29344
0x7aac:	65537	506134528	29332	0
0x7abc:	54	28803	524	31496
0x7acc:	9761	28815	29322	29344
0x7adc:	0	1919352832	4096	31544
$226 = "allocation"
0x7a1c:	7843	40	54	0
0x7a2c:	0	0	0	4026531841
0x7a3c:	65591	501153792	34734080	31384
0x7a4c:	8331	1	4096	31384
0x7a5c:	8233	55	1	2056781824
$227 = "free"
0x7a6e:	8350	28736	3605010	65536
0x7a7e:	65536	33554432	1886220419	1883242496
0x7a8e:	34340864	268435456	2062024704	751370240
0x7a9e:	65536	3604480	1886978048	65536
0x7aae:	1	1922309675	0	3538944
0x7abe:	1887633408	34340864	2064121856	639696896
$228 = "free"
0x7a9c:	11714	28793	28797	0
0x7aac:	65537	506134528	29332	0
0x7abc:	54	28803	524	31496
0x7acc:	271905	28793	29322	29344
0x7adc:	4294705152	1919352832	4096	31544
0x7aec:	15133	54	29861	0
$229 = "free"
0x7a9c:	11735	29344	28797	0
0x7aac:	65537	506134528	29332	0
0x7abc:	54	28803	524	31496
0x7acc:	271905	28793	29322	29344
0x7adc:	4294705152	1919352832	4096	31544
0x7aec:	15133	54	29861	0
$230 = "allocation"
0x7aec:	15271	8	21888	10
0x7afc:	524	29332	524	56
0x7b0c:	54	29344	56	29344
0x7b1c:	0	21888	21888	4
0x7b2c:	29322	4096	0	31608
$231 = "allocation"
0x7aec:	15579	8	21888	2
0x7afc:	524	29332	524	56
0x7b0c:	54	29344	56	29344
0x7b1c:	29297	21888	21888	4
0x7b2c:	29322	4096	0	31608
$232 = "allocation"
0x7a6c:	10038	512	34734080	55
0x7a7c:	1	1	29861	29310
0x7a8c:	54	29332	524	31464
0x7a9c:	11735	29344	28797	31464
0x7aac:	10813	54	29332	0
$233 = "allocation"
0x79ec:	7843	40	0	0
0x79fc:	0	0	40	68
0x7a0c:	1919746102	55	1	31320
0x7a1c:	7931	1	0	31336
0x7a2c:	8233	54	68	4026567210
$234 = "free"
0x7a3e:	8350	28686	3539474	4456448
0x7a4e:	65536	33554432	1882943597	1879965696
0x7a5e:	34340864	0	2057830400	660275200
0x7a6e:	4456448	3538944	1883701248	65536
0x7a7e:	65536	1956970496	1920860160	3538944
0x7a8e:	1922301952	34340864	2062024704	1883701248
$235 = "allocation"
0x7a6c:	10122	512	54	28743
0x7a7c:	1	1	29861	29310
0x7a8c:	55	29332	524	31464
0x7a9c:	28743	29344	28797	31464
0x7aac:	10847	55	29332	0
$236 = "allocation"
0x79ec:	7843	40	54	0
0x79fc:	0	0	0	4026531841
0x7a0c:	65591	501153792	34734080	31336
0x7a1c:	8331	1	0	31336
0x7a2c:	8233	55	1	2053636096
$237 = "free"
0x7a3e:	8350	28157	3605010	65536
0x7a4e:	65536	33554432	1848275053	1845297152
0x7a5e:	34340864	0	2057830400	665780224
0x7a6e:	65536	3604480	1849032704	65536
0x7a7e:	65536	1956970496	1920860160	3604480
0x7a8e:	1922301952	34340864	2062024704	1849032704
$238 = "allocation"
0x7a2c:	7843	40	3407872	2053636096
0x7a3c:	547225600	1845297152	34734080	1
0x7a4c:	55	1	1886192128	28202
0x7a5c:	28157	524	0	31400
0x7a6c:	8910	55	1	28214
$239 = "free"
0x7a7e:	9027	28157	3604480	65536
0x7a8e:	1922301952	524288	2062024704	1845297152
0x7a9e:	33292288	0	2062024704	721027072
0x7aae:	65536	3604480	1849032704	3538944
0x7abe:	1887633408	34340864	0	3538944
0x7ace:	655364	1849032712	1883701248	889192448
$240 = "allocation"
0x7a2c:	7843	40	55	2053636096
0x7a3c:	0	0	0	4026531841
0x7a4c:	65590	506134528	34996224	31400
0x7a5c:	9008	1	0	31400
0x7a6c:	8910	54	1	2057830400
$241 = "free"
0x7a7e:	9027	28157	3538944	65536
0x7a8e:	1922301952	524288	2062024704	1845297152
0x7a9e:	33292288	0	2062024704	735576064
0x7aae:	65536	3538944	1883701248	3538944
0x7abe:	1887633408	34340864	0	3538944
0x7ace:	655364	1849032712	1883701248	889192448
$242 = "free"
0x7aac:	11245	28743	54	28743
0x7abc:	54	28803	524	0
0x7acc:	262198	524298	28214	28743
0x7adc:	3618048	20	488037	31544
0x7aec:	15787	54	29272	8
0x7afc:	524	29332	524	56
$243 = "free"
0x7aac:	11266	28214	54	28743
0x7abc:	54	28803	524	0
0x7acc:	262198	524298	28214	28743
0x7adc:	3618048	20	488037	31544
0x7aec:	15787	54	29272	8
0x7afc:	524	29332	524	56
$244 = "free"
0x7aec:	15808	29322	29272	8
0x7afc:	524	29332	524	56
0x7b0c:	54	29344	56	29272
0x7b1c:	29297	21888	21888	4
0x7b2c:	29322	4096	0	31608
0x7b3c:	16115	54	56	29873
$245 = "free"
0x7aec:	15829	29297	29272	8
0x7afc:	524	29332	524	56
0x7b0c:	54	29344	56	29272
0x7b1c:	29297	21888	21888	4
0x7b2c:	29322	4096	0	31608
0x7b3c:	16115	54	56	29873
$246 = "free"
0x7aec:	15848	29272	29272	8
0x7afc:	524	29332	524	56
0x7b0c:	54	29344	56	29272
0x7b1c:	29297	21888	21888	4
0x7b2c:	29322	4096	0	31608
0x7b3c:	16115	54	56	29873
$247 = "allocation"
0x7b3c:	16132	24	56	29873
0x7b4c:	55	0	29971	0
0x7b5c:	3670540	29954	29873	3542538
0x7b6c:	21872	477954048	29971	31688
0x7b7c:	16823	21928	38	31672
$248 = "allocation"
0x7b0c:	6953	4	31544	6931
0x7b1c:	29873	21888	24	29820
0x7b2c:	1961194122	36	29861	31608
0x7b3c:	16156	29873	56	29873
0x7b4c:	55	0	29971	29832
$249 = "allocation"
0x7aec:	11311	512	4	29799
0x7afc:	1955856908	16	291964	31544
0x7b0c:	56	29811	29873	4
0x7b1c:	29873	21888	24	29820
0x7b2c:	29811	36	4096	31608
$250 = "allocation"
0x7a6c:	7843	40	3407872	2057830400
0x7a7c:	591593472	1845297152	0	1
0x7a8c:	56	29332	29260	0
0x7a9c:	524	28202	4096	31464
0x7aac:	8233	56	1	28743
$251 = "free"
0x7abe:	8350	29225	3670016	65536
0x7ace:	655364	33554440	1918238720	1915289600
0x7ade:	34340864	268435456	2067267584	743702528
0x7aee:	65536	3670016	1919025152	34340864
0x7afe:	1078420	1954283520	2067267588	3670016
0x7b0e:	1953693696	1957756928	262144	1957756928
$252 = "allocation"
0x7aec:	11396	5	56	29282
0x7afc:	1955856908	16	291964	31544
0x7b0c:	56	29811	29873	4
0x7b1c:	29873	21888	24	29282
0x7b2c:	29811	36	4096	31608
$253 = "allocation"
0x7aec:	11421	512	56	29282
0x7afc:	1955856908	16	291964	31544
0x7b0c:	56	29811	29873	4
0x7b1c:	29873	21888	29260	29282
0x7b2c:	29811	36	4096	31608
$254 = "allocation"
0x7a6c:	7843	40	56	2057830400
0x7a7c:	0	0	0	4026531841
0x7a8c:	65593	501153792	34996224	31464
0x7a9c:	8331	1	4096	31464
0x7aac:	8233	57	1	2062024704
$255 = "free"
0x7abe:	8350	28674	3735552	65536
0x7ace:	655364	33554440	1882128384	1879179264
0x7ade:	34340864	268435456	2067267584	751370240
0x7aee:	65536	3735552	1882914816	34340864
0x7afe:	1078420	1954283520	2067267588	3670016
0x7b0e:	1953693696	1957756928	262144	1957756928
$256 = "free"
0x7aec:	11714	28731	28735	0
0x7afc:	1955856908	16	291964	31544
0x7b0c:	56	29811	29873	4
0x7b1c:	292017	28731	29260	29282
0x7b2c:	4294734963	36	4096	31608
0x7b3c:	16205	56	56	29873
$257 = "free"
0x7aec:	11735	29282	28735	0
0x7afc:	1955856908	16	291964	31544
0x7b0c:	56	29811	29873	4
0x7b1c:	292017	28731	29260	29282
0x7b2c:	4294734963	36	4096	31608
0x7b3c:	16205	56	56	29873
$258 = "allocation"
0x7b0c:	6953	1	31544	6931
0x7b1c:	21872	28731	29260	29282
0x7b2c:	4294734963	36	4096	31608
0x7b3c:	16263	21872	56	29873
0x7b4c:	55	0	29971	29832
$259 = "free"
0x7b0c:	5210	29873	21872	1
0x7b1c:	21872	28731	29260	29282
0x7b2c:	0	36	4096	31608
0x7b3c:	16308	29954	56	29873
0x7b4c:	55	0	29971	29832
0x7b5c:	3670540	29954	29873	3542538
$260 = "free"
0x7b0c:	5229	29954	21872	1
0x7b1c:	21872	28731	29260	29282
0x7b2c:	0	36	4096	31608
0x7b3c:	16308	29954	56	29873
0x7b4c:	55	0	29971	29832
0x7b5c:	3670540	29954	29873	3542538
$261 = "allocation"
0x7b0c:	4978	12	21872	1
0x7b1c:	21872	28731	29260	29282
0x7b2c:	29983	36	4096	31608
0x7b3c:	16335	29983	29832	29873
0x7b4c:	55	0	29971	29832
$262 = "free"
0x7b7c:	16854	29260	38	31672
0x7b8c:	7562	29940	22141	23
0x7b9c:	16580	21904	33685504	29940
0x7bac:	1523888	7337	10	29832
0x7bbc:	21923	22141	0	31704
0x7bcc:	21320	22208	48	31738
$263 = "allocation"
0x7b7c:	16871	20	38	31672
0x7b8c:	7562	29940	22141	23
0x7b9c:	16580	21904	33685504	29940
0x7bac:	1523888	7337	10	29832
0x7bbc:	21923	22141	0	31704
$264 = "allocation"
0x7acc:	10038	512	29799	29248
0x7adc:	524	29270	524	31544
0x7aec:	56	29282	12	29201
0x7afc:	1915682840	24	29230	31560
0x7b0c:	10813	56	29832	1
$265 = "allocation"
0x7a4c:	7843	40	34996264	28662
0x7a5c:	1915691824	57	1	68
0x7a6c:	56	1	57	2057830400
0x7a7c:	0	0	4096	31432
0x7a8c:	8233	56	68	31464
$266 = "free"
0x7a9e:	8350	28590	3698735	4456448
0x7aae:	52	33583094	1876623412	1873674240
0x7abe:	34340864	268435456	2064121856	660275200
0x7ace:	4456448	3670016	1877409792	34340864
0x7ade:	1918238720	34340864	2067267584	3670016
0x7aee:	1919025152	786432	1913716736	1877409792
$267 = "allocation"
0x7acc:	10122	512	56	28647
0x7adc:	524	29270	524	31544
0x7aec:	57	29282	12	29201
0x7afc:	28647	24	29230	31560
0x7b0c:	10847	57	29832	1
$268 = "allocation"
0x7a4c:	7843	40	56	28662
0x7a5c:	9008	0	0	4026531841
0x7a6c:	65593	501153792	34734080	31432
0x7a7c:	8331	1	4096	31432
0x7a8c:	8233	57	1	2059927552
$269 = "free"
0x7a9e:	8350	28061	3764271	65536
0x7aae:	52	33583094	1841954868	1839005696
0x7abe:	34340864	268435456	2064121856	665780224
0x7ace:	65536	3735552	1842741248	34340864
0x7ade:	1918238720	34340864	2067267584	3735552
0x7aee:	1919025152	786432	1913716736	1842741248
$270 = "allocation"
0x7a8c:	7843	40	3407872	2059927552
0x7a9c:	547225600	1839005696	1882128384	1
0x7aac:	3407929	1878392832	3408384	28106
0x7abc:	28061	524	4096	31496
0x7acc:	8910	57	1	28118
$271 = "free"
0x7ade:	9027	28061	3735552	65536
0x7aee:	1919025152	262144	1913716736	1839005696
0x7afe:	33292288	268435456	2068316160	721027072
0x7b0e:	65536	3735552	1842741248	1433403392
0x7b1e:	1882914816	1917583360	0	3670016
0x7b2e:	2359296	1842741252	1877409792	1070530560
$272 = "allocation"
0x7a8c:	7843	40	57	2059927552
0x7a9c:	0	0	0	4026531841
0x7aac:	65592	506134528	34996224	31496
0x7abc:	9008	1	4096	31496
0x7acc:	8910	56	1	2064121856
$273 = "free"
0x7ade:	9027	28061	3670016	65536
0x7aee:	1919025152	262144	1913716736	1839005696
0x7afe:	33292288	268435456	2068316160	735576064
0x7b0e:	65536	3670016	1877409792	1433403392
0x7b1e:	1882914816	1917583360	0	3670016
0x7b2e:	2359296	1842741252	1877409792	1070530560
$274 = "free"
0x7b0c:	11245	28647	56	28647
0x7b1c:	21872	28731	29260	0
0x7b2c:	56	262180	28118	28647
0x7b3c:	3751887	29983	29832	31608
0x7b4c:	15000	56	29176	4
0x7b5c:	3670540	29954	4	29164
$275 = "free"
0x7b0c:	11266	28118	56	28647
0x7b1c:	21872	28731	29260	0
0x7b2c:	56	262180	28118	28647
0x7b3c:	3751887	29983	29832	31608
0x7b4c:	15000	56	29176	4
0x7b5c:	3670540	29954	4	29164
$276 = "allocation"
0x7b0c:	10038	512	56	28647
0x7b1c:	21872	28731	29260	0
0x7b2c:	56	262180	28118	28647
0x7b3c:	3751887	29983	29832	31608
0x7b4c:	15029	56	29176	4
$277 = "allocation"
0x7a8c:	7843	40	56	2059927552
0x7a9c:	0	0	0	4026531908
0x7aac:	65592	506134528	34996224	31496
0x7abc:	9008	1	4096	31496
0x7acc:	8233	56	68	2064121856
$278 = "free"
0x7ade:	8350	28590	3670016	4456448
0x7aee:	1919025152	33554432	1876623360	1873674240
0x7afe:	34340864	268435456	2068316160	660275200
0x7b0e:	4456448	3670016	1877409792	1433403392
0x7b1e:	1882914816	1917583360	0	3670016
0x7b2e:	2359296	1842741252	1877409792	1877409792
$279 = "free"
0x7b4c:	15075	28647	29176	4
0x7b5c:	3670540	29954	4	29164
0x7b6c:	28647	32	291345	31688
0x7b7c:	16964	29832	21923	4
0x7b8c:	7562	29940	22141	23
0x7b9c:	16580	21904	33685504	29940
$280 = "free"
0x7b5c:	14889	29176	4	29164
0x7b6c:	28647	32	291345	31688
0x7b7c:	17028	29832	21933	4
0x7b8c:	7562	29940	22141	23
0x7b9c:	16580	21904	33685504	29940
0x7bac:	1523888	7337	21933	29832
$281 = "allocation"
0x7b0c:	11311	512	56	28647
0x7b1c:	21872	28731	29260	0
0x7b2c:	56	262180	29164	0
0x7b3c:	524	28635	29201	0
0x7b4c:	32	29164	4096	31608
$282 = "allocation"
0x7a8c:	7843	40	55552	55552
0x7a9c:	64804	0	0	4026531841
0x7aac:	65592	501153792	34996224	31496
0x7abc:	8331	1	4096	31496
0x7acc:	8233	56	1	2064121856
$283 = "free"
0x7ade:	8350	28627	3670016	65536
0x7aee:	1919025152	33554432	1879048192	1876099072
0x7afe:	34340864	268435456	2069364736	743702528
0x7b0e:	65536	3670016	1879834624	1433403392
0x7b1e:	1882914816	1917583360	0	3670016
0x7b2e:	2359296	1911291908	0	34340864
$284 = "allocation"
0x7b0c:	11396	5	56	28684
0x7b1c:	21872	28731	29260	0
0x7b2c:	56	262180	29164	0
0x7b3c:	524	28635	29201	28684
0x7b4c:	32	29164	4096	31608
$285 = "allocation"
0x7b0c:	11421	512	56	28684
0x7b1c:	21872	28731	29260	0
0x7b2c:	56	262180	29164	0
0x7b3c:	524	28635	28662	28684
0x7b4c:	32	29164	4096	31608
$286 = "allocation"
0x7a8c:	7843	40	56	55552
0x7a9c:	64804	0	0	4026531841
0x7aac:	65593	501153792	34996224	31496
0x7abc:	8331	1	4096	31496
0x7acc:	8233	57	1	2064121856
$287 = "free"
0x7ade:	8350	28076	3735552	65536
0x7aee:	1919025152	33554432	1842937856	1839988736
0x7afe:	34340864	268435456	2069364736	751370240
0x7b0e:	65536	3735552	1843724288	1433403392
0x7b1e:	1882914816	1917583360	0	3670016
0x7b2e:	2359296	1911291908	0	34340864
$288 = "free"
0x7b0c:	11714	28133	28137	4
0x7b1c:	21872	28731	29260	0
0x7b2c:	56	262180	29164	0
0x7b3c:	524812	28133	28662	28684
0x7b4c:	4294443040	29164	4096	31608
0x7b5c:	14918	56	4	29164
$289 = "free"
0x7b0c:	11735	28684	28137	4
0x7b1c:	21872	28731	29260	0
0x7b2c:	56	262180	29164	0
0x7b3c:	524812	28133	28662	28684
0x7b4c:	4294443040	29164	4096	31608
0x7b5c:	14918	56	4	29164
$290 = "allocation"
0x7adc:	4831	12	0	57
0x7aec:	1	29282	29201	28650
0x7afc:	524	28672	524	31544
0x7b0c:	5928	28684	28137	4
0x7b1c:	21818	28731	29260	0
$291 = "allocation"
0x7afc:	5973	64	524	31544
0x7b0c:	5928	28684	28137	4
0x7b1c:	21818	356411	28633	0
0x7b2c:	56	262180	29164	31608
0x7b3c:	14290	21928	58	31608
$292 = "free"
0x7afc:	6136	28552	524	31544
0x7b0c:	5928	28684	28137	4
0x7b1c:	21818	356411	28633	0
0x7b2c:	28552	262180	29164	31608
0x7b3c:	14290	21928	58	31608
0x7b4c:	5699	4	4	5679
$293 = "allocation"
0x7afc:	6180	64	524	31544
0x7b0c:	5928	28684	28137	4
0x7b1c:	21818	356411	28633	0
0x7b2c:	28552	262180	29164	31608
0x7b3c:	14290	21928	58	31608
$294 = "allocation"
0x7aaa:	11311	512	7647	2064122390
0x7aba:	545980416	0	0	2063101401
0x7aca:	373489718	0	0	372178944
0x7ada:	1433403392	2063073280	334299136	1876492288
0x7aea:	0	4980737	4096	31542
$295 = "allocation"
0x7a2a:	7843	40	2621440	1838219264
0x7a3a:	0	3764170	65536	2055733249
0x7a4a:	519766070	65536	3735552	1878392832
0x7a5a:	590348288	0	4096	31398
0x7a6a:	8233	54	1	1839202304
$296 = "free"
0x7a7c:	8350	27966	3538945	96968
0x7a8c:	7931	33554433	1835728953	1832779776
0x7a9c:	34340864	268435456	2062942208	743702528
0x7aac:	65536	3538944	1836515328	0
0x7abc:	8331	0	1842937856	3570424
0x7acc:	5699	0	0	5679
$297 = "allocation"
0x7aaa:	11396	5	54	28023
0x7aba:	545980416	0	0	2063101401
0x7aca:	373489718	0	0	372178944
0x7ada:	1433403392	2063073280	334299136	28023
0x7aea:	0	4980737	4096	31542
$298 = "allocation"
0x7aaa:	11421	512	54	28023
0x7aba:	545980416	0	0	2063101401
0x7aca:	373489718	0	0	372178944
0x7ada:	1433403392	2063073280	28001	28023
0x7aea:	0	4980737	4096	31542
$299 = "allocation"
0x7a2a:	7843	40	54	1838219264
0x7a3a:	0	0	0	4026531841
0x7a4a:	65591	501153792	33947648	31398
0x7a5a:	8331	1	4096	31398
0x7a6a:	8233	55	1	2057699328
$300 = "free"
0x7a7c:	8350	27415	3604481	96968
0x7a8c:	7931	33554433	1799618617	1796669440
0x7a9c:	34340864	268435456	2062942208	751370240
0x7aac:	65536	3604480	1800404992	0
0x7abc:	8331	0	1842937856	3570424
0x7acc:	5699	0	0	5679
$301 = "free"
0x7aaa:	11714	27472	27476	8
0x7aba:	545980416	0	0	2063101401
0x7aca:	373489718	0	0	372178944
0x7ada:	786432	27472	28001	28023
0x7aea:	4294180864	4980737	4096	31542
0x7afa:	14150	54	1433403392	2067267584
$302 = "free"
0x7aaa:	11735	28023	27476	8
0x7aba:	545980416	0	0	2063101401
0x7aca:	373489718	0	0	372178944
0x7ada:	786432	27472	28001	28023
0x7aea:	4294180864	4980737	4096	31542
0x7afa:	14150	54	1433403392	2067267584
$303 = "allocation"
0x7a7a:	4831	12	65536	2059927607
0x7a8a:	519766017	65536	28540	27989
0x7a9a:	524	28011	524	31446
0x7aaa:	5928	28023	27476	8
0x7aba:	545980459	0	0	2063101401
$304 = "allocation"
0x7a9a:	5973	64	524	31446
0x7aaa:	5928	28023	27476	8
0x7aba:	545980459	524288	27972	2063101401
0x7aca:	373489718	0	0	31478
0x7ada:	13598	28001	43	28023
$305 = "free"
0x7a9a:	6136	27891	524	31446
0x7aaa:	5928	28023	27476	8
0x7aba:	545980459	524288	27972	0
0x7aca:	27891	0	0	31478
0x7ada:	13598	28001	43	28023
0x7aea:	4294180864	4980737	4096	31542
$306 = "allocation"
0x7a9a:	6180	64	524	31446
0x7aaa:	5928	28023	27476	8
0x7aba:	545980459	524288	27972	0
0x7aca:	27891	0	0	31478
0x7ada:	13598	28001	43	28023
$307 = "allocation"
0x7a6a:	4831	12	27989	31398
0x7a7a:	4831	31382	5101	27972
0x7a8a:	27891	76	421176	31430
0x7a9a:	5928	27972	27891	31446
0x7aaa:	5949	28023	27476	8
$308 = "allocation"
0x7a8a:	5973	64	421176	31430
0x7a9a:	5928	27972	27891	31446
0x7aaa:	5949	486775	27862	8
0x7aba:	545980459	524288	27972	31478
0x7aca:	13668	27891	61	31478
$309 = "allocation"
0x7a8a:	6180	64	27781	31430
0x7a9a:	5928	27972	27891	31446
0x7aaa:	5949	486775	27862	3
0x7aba:	27781	524288	27972	31478
0x7aca:	13668	27891	61	31478
$310 = "allocation"
0x7a3a:	4978	12	0	4026567210
0x7a4a:	66118	501153792	33947660	27850
0x7a5a:	27862	24	27879	31366
0x7a6a:	5127	27862	27700	27688
0x7a7a:	1824091269	76	158841	31430
$311 = "free"
0x7afa:	14228	28001	28552	2067267584
0x7b0a:	388497408	1879834624	1843986432	262144
0x7b1a:	54	1882914816	3670021	27972
0x7b2a:	28001	0	1911291904	31608
0x7b3a:	14464	54	28552	18587
0x7b4a:	946405894	262144	262144	372178944
$312 = "free"
0x7aca:	5210	27891	1	31478
0x7ada:	13598	28001	28540	27960
0x7aea:	0	27989	17	31542
0x7afa:	14249	27972	28552	2067267584
0x7b0a:	388497408	1879834624	1843986432	262144
0x7b1a:	54	1882914816	3670021	27972
$313 = "free"
0x7aca:	5229	27972	1	31478
0x7ada:	13598	28001	28540	27960
0x7aea:	0	27989	17	31542
0x7afa:	14249	27972	28552	2067267584
0x7b0a:	388497408	1879834624	1843986432	262144
0x7b1a:	54	1882914816	3670021	27972
$314 = "free"
0x7b0a:	5210	28552	1843986432	262144
0x7b1a:	54	1882914816	3670072	27972
0x7b2a:	0	29832	29213	31608
0x7b3a:	14560	28633	28552	18587
0x7b4a:	946405894	262144	262144	372178944
0x7b5a:	1955069952	3670016	1876492342	1871183872
$315 = "free"
0x7b0a:	5229	28633	1843986432	262144
0x7b1a:	54	1882914816	3670072	27972
0x7b2a:	0	29832	29213	31608
0x7b3a:	14560	28633	28552	18587
0x7b4a:	946405894	262144	262144	372178944
0x7b5a:	1955069952	3670016	1876492342	1871183872
$316 = "allocation"
0x7adc:	4831	12	1832386560	0
0x7aec:	1834287104	1877606400	1825177600	1572864
0x7afc:	1875705856	1572864	2067136512	31544
0x7b0c:	5928	0	28137	3538948
0x7b1c:	58	3698747	1833173048	0
$317 = "allocation"
0x7afc:	5973	64	2067136512	31544
0x7b0c:	5928	0	28137	3538948
0x7b1c:	58	356411	27642	0
0x7b2c:	1955069952	1914503168	2071461888	31608
0x7b3c:	15893	21928	58	33947648
$318 = "free"
0x7afc:	6136	27561	2067136512	31544
0x7b0c:	5928	0	28137	3538948
0x7b1c:	58	356411	27642	0
0x7b2c:	27561	1914503168	2071461888	31608
0x7b3c:	15893	21928	58	33947648
0x7b4c:	14441	4	4	5679
$319 = "allocation"
0x7afc:	6180	64	2067136512	31544
0x7b0c:	5928	0	28137	3538948
0x7b1c:	58	356411	27642	0
0x7b2c:	27561	1914503168	2071461888	31608
0x7b3c:	15893	21928	58	33947648
$320 = "allocation"
0x7b0c:	9795	512	28137	3538948
0x7b1c:	0	356411	27642	4
0x7b2c:	27642	0	65536	31608
0x7b3c:	16076	27561	0	33947648
0x7b4c:	14441	4	4	5679
$321 = "allocation"
0x7a8c:	7843	40	2059796480	373489664
0x7a9c:	196608	196608	372178944	65537
0x7aac:	1836515386	1870397447	1825177600	1572864
0x7abc:	1832386560	1572864	4096	31496
0x7acc:	8910	58	1	5679
$322 = "free"
0x7ade:	9027	26975	3801088	65536
0x7aee:	4980737	196608	1770782720	1767833600
0x7afe:	34340864	268435456	2067267584	650051584
0x7b0e:	65536	3801088	1771569152	0
0x7b1e:	1882914816	1811546117	262144	1771569210
0x7b2e:	0	0	2071461889	1053556736
$323 = "allocation"
0x7acc:	9682	512	3407872	2064121856
0x7adc:	591593472	1767833600	0	58
0x7aec:	65595	76	3	27020
0x7afc:	26975	524	4096	31544
0x7b0c:	9956	59	58	27032
$324 = "allocation"
0x7a4c:	7843	40	1813447174	1825964032
0x7a5c:	1572864	1827078144	2055602176	336003073
0x7a6c:	1825964091	1815347200	1814560808	26963
0x7a7c:	1804364985	58	4096	31432
0x7a8c:	8910	59	1	373489664
$325 = "free"
0x7a9e:	9027	26446	3866624	126976
0x7aae:	1	33562155	1736114710	1733165056
0x7abe:	34340864	268435456	2064121856	638320640
0x7ace:	65536	3866624	1736900608	0
0x7ade:	9027	26975	3801088	3866624
0x7aee:	4980737	196608	1770782720	1736900608
$326 = "free"
0x7acc:	9761	26503	59	26503
0x7adc:	591593472	1767833600	0	58
0x7aec:	65595	76	3	27020
0x7afc:	26503	524	4096	31544
0x7b0c:	9956	59	58	27032
0x7b1c:	0	356411	27642	3801092
$327 = "free"
0x7b0c:	9990	27032	58	27032
0x7b1c:	0	356411	27642	3801092
0x7b2c:	27032	0	65536	31608
0x7b3c:	16076	27561	0	33947648
0x7b4c:	14441	4	4	5679
0x7b5c:	29832	27642	27561	3567496
$328 = "allocation"
0x7a9c:	11311	512	0	4026531899
0x7aac:	65537	506134528	27020	0
0x7abc:	54	26491	524	31496
0x7acc:	9761	26503	59	26503
0x7adc:	591593472	1767833600	4096	31544
$329 = "allocation"
0x7a1c:	7843	40	1812660224	519766016
0x7a2c:	1600616	1814560768	2053505064	1
0x7a3c:	1769668662	59	1	31368
0x7a4c:	7931	1	4096	31384
0x7a5c:	8233	54	1	4026567210
$330 = "free"
0x7a6e:	8350	26975	3539474	65536
0x7a7e:	65536	33554432	1770809211	1767833600
0x7a8e:	34340864	268435456	2062024704	743702528
0x7a9e:	65536	3538944	1771569152	65536
0x7aae:	1	1770790443	0	3538944
0x7abe:	1736114176	34340864	2064121856	639696896
$331 = "allocation"
0x7a9c:	11396	5	54	27032
0x7aac:	65537	506134528	27020	0
0x7abc:	54	26491	524	31496
0x7acc:	9761	26503	59	27032
0x7adc:	0	1767833600	4096	31544
$332 = "allocation"
0x7a9c:	11421	512	54	27032
0x7aac:	65537	506134528	27020	0
0x7abc:	54	26491	524	31496
0x7acc:	9761	26503	27010	27032
0x7adc:	0	1767833600	4096	31544
$333 = "allocation"
0x7a1c:	7843	40	54	519766016
0x7a2c:	27752	0	0	4026531841
0x7a3c:	65591	501153792	34734080	31384
0x7a4c:	8331	1	4096	31384
0x7a5c:	8233	55	1	2056781824
$334 = "free"
0x7a6e:	8350	26424	3605010	65536
0x7a7e:	65536	33554432	1734698875	1731723264
0x7a8e:	34340864	268435456	2062024704	751370240
0x7a9e:	65536	3604480	1735458816	65536
0x7aae:	1	1770790443	0	3538944
0x7abe:	1736114176	34340864	2064121856	639696896
$335 = "free"
0x7a9c:	11714	26481	26485	8
0x7aac:	65537	506134528	27020	0
0x7abc:	54	26491	524	31496
0x7acc:	796193	26481	27010	27032
0x7adc:	4294180864	1767833600	4096	31544
0x7aec:	15133	54	27549	0
$336 = "free"
0x7a9c:	11735	27032	26485	8
0x7aac:	65537	506134528	27020	0
0x7abc:	54	26491	524	31496
0x7acc:	796193	26481	27010	27032
0x7adc:	4294180864	1767833600	4096	31544
0x7aec:	15133	54	27549	0
$337 = "allocation"
0x7aec:	15271	8	21888	10
0x7afc:	524	27020	524	58
0x7b0c:	54	27032	58	27032
0x7b1c:	0	21888	21888	458756
0x7b2c:	27010	4096	0	31608
$338 = "allocation"
0x7aec:	15579	15	21888	2
0x7afc:	524	27020	524	58
0x7b0c:	54	27032	58	27032
0x7b1c:	26985	21888	21888	458756
0x7b2c:	27010	4096	0	31608
$339 = "allocation"
0x7a6c:	10038	512	34734080	55
0x7a7c:	1	1	27549	26998
0x7a8c:	54	27020	524	31464
0x7a9c:	11735	27032	26485	31464
0x7aac:	10813	54	27020	0
$340 = "allocation"
0x79ec:	7843	40	55	0
0x79fc:	0	0	40	68
0x7a0c:	1768226870	55	1	31320
0x7a1c:	7931	1	7	31336
0x7a2c:	8233	54	68	4026567210
$341 = "free"
0x7a3e:	8350	26367	3539474	4456448
0x7a4e:	65536	33554432	1730963301	1727987712
0x7a5e:	34340864	458752	2057830400	660275200
0x7a6e:	4456448	3538944	1731723264	65536
0x7a7e:	65536	1805451264	1769340928	3538944
0x7a8e:	1770782720	34340864	2062024704	1731723264
$342 = "allocation"
0x7a6c:	10122	512	54	26424
0x7a7c:	1	1	27549	26998
0x7a8c:	55	27020	524	31464
0x7a9c:	26424	27032	26485	31464
0x7aac:	10847	55	27020	0
$343 = "allocation"
0x79ec:	7843	40	54	0
0x79fc:	0	0	0	4026531841
0x7a0c:	65591	501153792	34734080	31336
0x7a1c:	8331	1	7	31336
0x7a2c:	8233	55	1	2053636096
$344 = "free"
0x7a3e:	8350	25838	3605010	65536
0x7a4e:	65536	33554432	1696294757	1693319168
0x7a5e:	34340864	458752	2057830400	665780224
0x7a6e:	65536	3604480	1697054720	65536
0x7a7e:	65536	1805451264	1769340928	3604480
0x7a8e:	1770782720	34340864	2062024704	1697054720
$345 = "allocation"
0x7a2c:	7843	40	3407872	2053636096
0x7a3c:	547225600	1693319168	34734080	1
0x7a4c:	55	1	1734672896	25883
0x7a5c:	25838	524	7	31400
0x7a6c:	8910	55	1	25895
$346 = "free"
0x7a7e:	9027	25838	3604480	65536
0x7a8e:	1770782720	983040	2062024704	1693319168
0x7a9e:	33292288	458752	2062024704	721027072
0x7aae:	65536	3604480	1697054720	3538944
0x7abe:	1736114176	34340864	0	3538944
0x7ace:	655372	1697054735	1731723264	889192448
$347 = "allocation"
0x7a2c:	7843	40	55	0
0x7a3c:	59778	0	0	4026531841
0x7a4c:	65590	506134528	34996224	31400
0x7a5c:	9008	1	7	31400
0x7a6c:	8910	54	1	2057830400
$348 = "free"
0x7a7e:	9027	25838	3538944	65536
0x7a8e:	1770782720	983040	2062024704	1693319168
0x7a9e:	33292288	458752	2062024704	735576064
0x7aae:	65536	3538944	1731723264	3538944
0x7abe:	1736114176	34340864	0	3538944
0x7ace:	655372	1697054735	1731723264	889192448
$349 = "free"
0x7aac:	11245	26424	54	26424
0x7abc:	54	26491	524	0
0x7acc:	786486	983050	25895	26424
0x7adc:	3618048	27	944477	31544
0x7aec:	15787	54	26953	15
0x7afc:	524	27020	524	58
$350 = "free"
0x7aac:	11266	25895	54	26424
0x7abc:	54	26491	524	0
0x7acc:	786486	983050	25895	26424
0x7adc:	3618048	27	944477	31544
0x7aec:	15787	54	26953	15
0x7afc:	524	27020	524	58
$351 = "free"
0x7aec:	15808	27010	26953	15
0x7afc:	524	27020	524	58
0x7b0c:	54	27032	58	26953
0x7b1c:	26985	21888	21888	458756
0x7b2c:	27010	4096	0	31608
0x7b3c:	16115	54	58	27561
$352 = "free"
0x7aec:	15829	26985	26953	15
0x7afc:	524	27020	524	58
0x7b0c:	54	27032	58	26953
0x7b1c:	26985	21888	21888	458756
0x7b2c:	27010	4096	0	31608
0x7b3c:	16115	54	58	27561
$353 = "free"
0x7aec:	15848	26953	26953	15
0x7afc:	524	27020	524	58
0x7b0c:	54	27032	58	26953
0x7b1c:	26985	21888	21888	458756
0x7b2c:	27010	4096	0	31608
0x7b3c:	16115	54	58	27561
$354 = "allocation"
0x7b3c:	16132	24	58	27561
0x7b4c:	14441	4	4	5679
0x7b5c:	3830920	27642	27561	3567496
0x7b6c:	21872	32	4096	31688
0x7b7c:	17145	21928	21923	4
$355 = "allocation"
0x7b0c:	6953	4	31544	6931
0x7b1c:	27561	21888	24	27508
0x7b2c:	1809672578	36	27549	31608
0x7b3c:	16156	27561	58	27561
0x7b4c:	14441	4	4	27520
$356 = "allocation"
0x7aec:	11311	512	4	27487
0x7afc:	1804337676	16	289652	31544
0x7b0c:	58	27499	27561	4
0x7b1c:	27561	21888	24	27508
0x7b2c:	27499	36	4096	31608
$357 = "allocation"
0x7a6c:	7843	40	3407872	2057830400
0x7a7c:	591593472	1693319168	0	1
0x7a8c:	58	27020	26941	0
0x7a9c:	524	25883	4096	31464
0x7aac:	8233	58	1	26424
$358 = "free"
0x7abe:	8350	26913	3801088	65536
0x7ace:	655372	33554447	1766719488	1763770368
0x7ade:	34340864	268435456	2067267584	743702528
0x7aee:	65536	3801088	1767505920	34340864
0x7afe:	1076108	1802764288	2067267588	3801088
0x7b0e:	1802174464	1806237696	262144	1806237696
$359 = "allocation"
0x7aec:	11396	5	58	26970
0x7afc:	1804337676	16	289652	31544
0x7b0c:	58	27499	27561	4
0x7b1c:	27561	21888	24	26970
0x7b2c:	27499	36	4096	31608
$360 = "allocation"
0x7aec:	11421	512	58	26970
0x7afc:	1804337676	16	289652	31544
0x7b0c:	58	27499	27561	4
0x7b1c:	27561	21888	26948	26970
0x7b2c:	27499	36	4096	31608
$361 = "allocation"
0x7a6c:	7843	40	58	2057830400
0x7a7c:	0	0	0	4026531841
0x7a8c:	65595	501153792	34996224	31464
0x7a9c:	8331	1	4096	31464
0x7aac:	8233	59	1	2062024704
$362 = "free"
0x7abe:	8350	26362	3866624	65536
0x7ace:	655372	33554447	1730609152	1727660032
0x7ade:	34340864	268435456	2067267584	751370240
0x7aee:	65536	3866624	1731395584	34340864
0x7afe:	1076108	1802764288	2067267588	3801088
0x7b0e:	1802174464	1806237696	262144	1806237696
$363 = "free"
0x7aec:	11714	26419	26423	0
0x7afc:	1804337676	16	289652	31544
0x7b0c:	58	27499	27561	4
0x7b1c:	289705	26419	26948	26970
0x7b2c:	4294732651	36	4096	31608
0x7b3c:	16205	58	58	27561
$364 = "free"
0x7aec:	11735	26970	26423	0
0x7afc:	1804337676	16	289652	31544
0x7b0c:	58	27499	27561	4
0x7b1c:	289705	26419	26948	26970
0x7b2c:	4294732651	36	4096	31608
0x7b3c:	16205	58	58	27561
$365 = "allocation"
0x7b0c:	6953	1	31544	6931
0x7b1c:	21872	26419	26948	26970
0x7b2c:	4294732651	36	4096	31608
0x7b3c:	16263	21872	58	27561
0x7b4c:	14441	4	4	27520
$366 = "free"
0x7b0c:	5210	27561	21872	1
0x7b1c:	21872	26419	26948	26970
0x7b2c:	0	36	4096	31608
0x7b3c:	16308	27642	58	27561
0x7b4c:	14441	4	4	27520
0x7b5c:	3830920	27642	27561	3567496
$367 = "free"
0x7b0c:	5229	27642	21872	1
0x7b1c:	21872	26419	26948	26970
0x7b2c:	0	36	4096	31608
0x7b3c:	16308	27642	58	27561
0x7b4c:	14441	4	4	27520
0x7b5c:	3830920	27642	27561	3567496
$368 = "allocation"
0x7b0c:	4978	12	21872	1
0x7b1c:	21872	26419	26948	26970
0x7b2c:	29213	36	4096	31608
0x7b3c:	16335	29983	27520	27561
0x7b4c:	14441	4	4	27520
$369 = "free"
0x7b5c:	16734	26948	27561	3567496
0x7b6c:	21872	32	4096	31688
0x7b7c:	17179	27520	21923	4
0x7b8c:	7562	29940	22141	23
0x7b9c:	16580	27520	27520	1
0x7bac:	29832	1	21933	29832
$370 = "free"
0x7b5c:	16759	27499	27561	3567496
0x7b6c:	21872	32	4096	31688
0x7b7c:	17179	27520	21923	4
0x7b8c:	7562	29940	22141	23
0x7b9c:	16580	27520	27520	1
0x7bac:	29832	1	21933	29832
$371 = "free"
0x7b5c:	16780	27520	27561	3567496
0x7b6c:	21872	32	4096	31688
0x7b7c:	17179	27520	21923	4
0x7b8c:	7562	29940	22141	23
0x7b9c:	16580	27520	27520	1
0x7bac:	29832	1	21933	29832
$372 = "allocation"
0x7adc:	4831	12	524	31544
0x7aec:	11735	26970	12	26889
0x7afc:	1764163608	24	26918	31544
0x7b0c:	5928	26901	27520	1
0x7b1c:	21818	26419	26948	26901
$373 = "allocation"
0x7afc:	5973	64	26918	31544
0x7b0c:	5928	26901	27520	1
0x7b1c:	21818	354099	26872	26901
0x7b2c:	29213	36	4096	31608
0x7b3c:	15893	21928	58	26918
$374 = "free"
0x7afc:	6136	26791	26918	31544
0x7b0c:	5928	26901	27520	1
0x7b1c:	21818	354099	26872	0
0x7b2c:	26791	36	4096	31608
0x7b3c:	15893	21928	58	26918
0x7b4c:	36	27508	36	31608
$375 = "allocation"
0x7afc:	6180	64	26918	31544
0x7b0c:	5928	26901	27520	1
0x7b1c:	21818	354099	26872	0
0x7b2c:	26791	36	4096	31608
0x7b3c:	15893	21928	58	26918
$376 = "allocation"
0x7b0c:	9795	512	27520	1
0x7b1c:	0	354099	26872	4
0x7b2c:	26872	0	69632	31608
0x7b3c:	16076	26791	0	26918
0x7b4c:	36	27508	36	31608
$377 = "allocation"
0x7a8c:	7843	40	34996224	31464
0x7a9c:	8331	1	1730609211	1
0x7aac:	3407932	1726873600	3407872	2062024704
0x7abc:	547225600	1727660032	4096	31496
0x7acc:	8910	60	1	5679
$378 = "free"
0x7ade:	9027	26205	3932160	65536
0x7aee:	4980737	196608	1720320000	1717370880
0x7afe:	34340864	268435456	2067267584	650051584
0x7b0e:	65536	3932160	1721106432	0
0x7b1e:	1731395584	1761083397	262144	1721106492
0x7b2e:	0	268435456	2071461889	1053556736
$379 = "allocation"
0x7acc:	9682	512	3407872	2064121856
0x7adc:	591593472	1717370880	0	60
0x7aec:	65597	76	3	26250
0x7afc:	26205	524	4096	31544
0x7b0c:	9956	61	60	26262
$380 = "allocation"
0x7a4c:	7843	40	34996264	26350
0x7a5c:	1764172592	59	1	1
0x7a6c:	61	1	40	26193
0x7a7c:	1753874432	60	4096	31432
0x7a8c:	8910	61	1	31464
$381 = "free"
0x7a9e:	9027	25676	3997696	126976
0x7aae:	1	33562155	1685651990	1682702336
0x7abe:	34340864	268435456	2064121856	638320640
0x7ace:	65536	3997696	1686437888	0
0x7ade:	9027	26205	3932160	3997696
0x7aee:	4980737	196608	1720320000	1686437888
$382 = "free"
0x7acc:	9761	25733	61	25733
0x7adc:	591593472	1717370880	0	60
0x7aec:	65597	76	3	26250
0x7afc:	25733	524	4096	31544
0x7b0c:	9956	61	60	26262
0x7b1c:	0	354099	26872	3932164
$383 = "free"
0x7b0c:	9990	26262	60	26262
0x7b1c:	0	354099	26872	3932164
0x7b2c:	26262	0	69632	31608
0x7b3c:	16076	26791	0	26918
0x7b4c:	36	27508	36	31608
0x7b5c:	16780	26872	26791	3567496
$384 = "allocation"
0x7a9c:	11311	512	0	4026531901
0x7aac:	65537	506134528	26250	0
0x7abc:	54	25721	524	31496
0x7acc:	9761	25733	61	25733
0x7adc:	591593472	1717370880	4096	31544
$385 = "allocation"
0x7a1c:	7843	40	1	31336
0x7a2c:	7931	1	40	1
0x7a3c:	1719205942	61	1	31368
0x7a4c:	7931	1	4096	31384
0x7a5c:	8233	54	1	4026567210
$386 = "free"
0x7a6e:	8350	26205	3539474	65536
0x7a7e:	65536	33554432	1720345721	1717370880
0x7a8e:	34340864	268435456	2062024704	743702528
0x7a9e:	65536	3538944	1721106432	65536
0x7aae:	1	1720327723	0	3538944
0x7abe:	1685651456	34340864	2064121856	639696896
$387 = "allocation"
0x7a9c:	11396	5	54	26262
0x7aac:	65537	506134528	26250	0
0x7abc:	54	25721	524	31496
0x7acc:	9761	25733	61	26262
0x7adc:	0	1717370880	4096	31544
$388 = "allocation"
0x7a9c:	11421	512	54	26262
0x7aac:	65537	506134528	26250	0
0x7abc:	54	25721	524	31496
0x7acc:	9761	25733	26240	26262
0x7adc:	0	1717370880	4096	31544
$389 = "allocation"
0x7a1c:	7843	40	54	31336
0x7a2c:	7931	0	0	4026531841
0x7a3c:	65591	501153792	34734080	31384
0x7a4c:	8331	1	4096	31384
0x7a5c:	8233	55	1	2056781824
$390 = "free"
0x7a6e:	8350	25654	3605010	65536
0x7a7e:	65536	33554432	1684235385	1681260544
0x7a8e:	34340864	268435456	2062024704	751370240
0x7a9e:	65536	3604480	1684996096	65536
0x7aae:	1	1720327723	0	3538944
0x7abe:	1685651456	34340864	2064121856	639696896
$391 = "free"
0x7a9c:	11714	25711	25715	15
0x7aac:	65537	506134528	26250	0
0x7abc:	54	25721	524	31496
0x7acc:	1254945	25711	26240	26262
0x7adc:	4293722112	1717370880	4096	31544
0x7aec:	15133	54	26779	0
$392 = "free"
0x7a9c:	11735	26262	25715	15
0x7aac:	65537	506134528	26250	0
0x7abc:	54	25721	524	31496
0x7acc:	1254945	25711	26240	26262
0x7adc:	4293722112	1717370880	4096	31544
0x7aec:	15133	54	26779	0
$393 = "allocation"
0x7aec:	15271	5	21888	10
0x7afc:	524	26250	524	60
0x7b0c:	54	26262	60	26262
0x7b1c:	0	21888	21888	655364
0x7b2c:	26240	4096	0	31608
$394 = "allocation"
0x7aec:	15579	15	21888	2
0x7afc:	524	26250	524	60
0x7b0c:	54	26262	60	26262
0x7b1c:	29990	21888	21888	655364
0x7b2c:	26240	4096	0	31608
$395 = "allocation"
0x7a6c:	10038	512	0	0
0x7a7c:	0	0	0	0
0x7a8c:	54	26250	5124	31464
0x7a9c:	11735	26262	25715	31464
0x7aac:	10813	54	26250	0
$396 = "allocation"
0x79ec:	7843	40	0	0
0x79fc:	0	0	0	68
0x7a0c:	54	0	0	0
0x7a1c:	0	0	10	31336
0x7a2c:	8233	54	68	0
$397 = "free"
0x7a3e:	8350	29372	3538944	4456448
0x7a4e:	0	33554432	1927872512	1924923392
0x7a5e:	34340864	655360	2057830400	660275200
0x7a6e:	4456448	3538944	1928658944	0
0x7a7e:	0	0	0	3538944
0x7a8e:	1720320000	335806464	2062024704	1928658944
$398 = "allocation"
0x7a6c:	10122	512	54	29429
0x7a7c:	0	0	0	0
0x7a8c:	55	26250	5124	31464
0x7a9c:	29429	26262	25715	31464
0x7aac:	10847	55	26250	0
$399 = "allocation"
0x79ec:	7843	40	54	0
0x79fc:	0	0	0	4026531841
0x7a0c:	65591	501153792	34734080	31336
0x7a1c:	8331	1	10	31336
0x7a2c:	8233	55	1	2053636096
$400 = "free"
0x7a3e:	8350	28843	3604480	65536
0x7a4e:	0	33554432	1893203968	1890254848
0x7a5e:	34340864	655360	2057830400	665780224
0x7a6e:	65536	3604480	1893990400	0
0x7a7e:	0	0	0	3604480
0x7a8e:	1720320000	335806464	2062024704	1893990400
$401 = "allocation"
0x7a2c:	7843	40	3407872	2053636096
0x7a3c:	547225600	1890254848	0	1
0x7a4c:	55	0	512	28888
0x7a5c:	28843	524	10	31400
0x7a6c:	8910	55	1	28900
$402 = "free"
0x7a7e:	9027	28843	3604480	65536
0x7a8e:	1720320000	983040	2062024704	1890254848
0x7a9e:	33292288	655360	2062024704	721027072
0x7aae:	65536	3604480	1893990400	3538944
0x7abe:	1685651456	34340864	0	3538944
0x7ace:	655379	1893990415	1928658944	905969664
$403 = "allocation"
0x7a2c:	7843	40	55	2053636096
0x7a3c:	0	0	0	4026531841
0x7a4c:	65590	506134528	34996224	31400
0x7a5c:	9008	1	10	31400
0x7a6c:	8910	54	1	2057830400
$404 = "free"
0x7a7e:	9027	28843	3538944	65536
0x7a8e:	1720320000	983040	2062024704	1890254848
0x7a9e:	33292288	655360	2062024704	735576064
0x7aae:	65536	3538944	1928658944	3538944
0x7abe:	1685651456	34340864	0	3538944
0x7ace:	655379	1893990415	1928658944	905969664
$405 = "free"
0x7aac:	11245	29429	54	29429
0x7abc:	54	25721	524	0
0x7acc:	1245238	983050	28900	29429
0x7adc:	3618304	27	947482	31544
0x7aec:	15787	54	29958	15
0x7afc:	524	26250	524	60
$406 = "free"
0x7aac:	11266	28900	54	29429
0x7abc:	54	25721	524	0
0x7acc:	1245238	983050	28900	29429
0x7adc:	3618304	27	947482	31544
0x7aec:	15787	54	29958	15
0x7afc:	524	26250	524	60
$407 = "free"
0x7aec:	15808	26240	29958	15
0x7afc:	524	26250	524	60
0x7b0c:	54	26262	60	29958
0x7b1c:	29990	21888	21888	655364
0x7b2c:	26240	4096	0	31608
0x7b3c:	16115	54	60	26791
$408 = "free"
0x7aec:	15829	29990	29958	15
0x7afc:	524	26250	524	60
0x7b0c:	54	26262	60	29958
0x7b1c:	29990	21888	21888	655364
0x7b2c:	26240	4096	0	31608
0x7b3c:	16115	54	60	26791
$409 = "free"
0x7aec:	15848	29958	29958	15
0x7afc:	524	26250	524	60
0x7b0c:	54	26262	60	29958
0x7b1c:	29990	21888	21888	655364
0x7b2c:	26240	4096	0	31608
0x7b3c:	16115	54	60	26791
$410 = "allocation"
0x7b3c:	16132	24	60	26791
0x7b4c:	36	27508	36	31608
0x7b5c:	3948940	26872	26791	3567496
0x7b6c:	21872	32	4096	31688
0x7b7c:	17199	21928	21923	4
$411 = "allocation"
0x7b0c:	6953	1	31544	6931
0x7b1c:	26791	33685504	24	29959
0x7b2c:	26240	36	30000	31608
0x7b3c:	16156	26791	60	26791
0x7b4c:	36	27508	36	29971
$412 = "allocation"
0x7aec:	11311	512	1	29941
0x7afc:	1964965888	13	95495	31544
0x7b0c:	60	29953	26791	1
0x7b1c:	26791	33685504	24	29959
0x7b2c:	29953	36	4096	31608
$413 = "allocation"
0x7a6c:	7843	40	3407872	2057830400
0x7a7c:	591593472	1890254848	0	1
0x7a8c:	60	26250	29946	0
0x7a9c:	524	28888	4096	31464
0x7aac:	8233	60	1	29429
$414 = "free"
0x7abe:	8350	29367	3932160	65536
0x7ace:	655379	33554447	1927544832	1924595712
0x7ade:	34340864	268435456	2067267584	743702528
0x7aee:	65536	3932160	1928331264	0
0x7afe:	881951	1963393024	2067267585	3932160
0x7b0e:	1962999808	1755774976	65536	1755774976
$415 = "allocation"
0x7aec:	11396	5	60	29424
0x7afc:	1964965888	13	95495	31544
0x7b0c:	60	29953	26791	1
0x7b1c:	26791	33685504	24	29424
0x7b2c:	29953	36	4096	31608
$416 = "allocation"
0x7aec:	11421	512	60	29424
0x7afc:	1964965888	13	95495	31544
0x7b0c:	60	29953	26791	1
0x7b1c:	26791	33685504	29402	29424
0x7b2c:	29953	36	4096	31608
$417 = "allocation"
0x7a6c:	7843	40	60	2057830400
0x7a7c:	0	0	0	4026531841
0x7a8c:	65597	501153792	34996224	31464
0x7a9c:	8331	1	4096	31464
0x7aac:	8233	61	1	2062024704
$418 = "free"
0x7abe:	8350	28816	3997696	65536
0x7ace:	655379	33554447	1891434496	1888485376
0x7ade:	34340864	268435456	2067267584	751370240
0x7aee:	65536	3997696	1892220928	0
0x7afe:	881951	1963393024	2067267585	3932160
0x7b0e:	1962999808	1755774976	65536	1755774976
$419 = "free"
0x7aec:	11714	28873	28877	0
0x7afc:	1964965888	13	95495	31544
0x7b0c:	60	29953	26791	1
0x7b1c:	288935	28873	29402	29424
0x7b2c:	4294735105	36	4096	31608
0x7b3c:	16205	60	60	26791
$420 = "free"
0x7aec:	11735	29424	28877	0
0x7afc:	1964965888	13	95495	31544
0x7b0c:	60	29953	26791	1
0x7b1c:	288935	28873	29402	29424
0x7b2c:	4294735105	36	4096	31608
0x7b3c:	16205	60	60	26791
$421 = "allocation"
0x7b0c:	6953	1	31544	6931
0x7b1c:	21872	28873	29402	29424
0x7b2c:	4294735105	36	4096	31608
0x7b3c:	16263	21872	60	26791
0x7b4c:	36	27508	36	29971
$422 = "free"
0x7b0c:	5210	0	21872	1
0x7b1c:	21872	28873	29402	29424
0x7b2c:	0	36	4096	31608
0x7b3c:	16308	26872	60	26791
0x7b4c:	36	27508	36	29971
0x7b5c:	3948940	26872	26791	3567496
$423 = "free"
0x7b0c:	5229	26872	21872	1
0x7b1c:	21872	28873	29402	29424
0x7b2c:	0	36	4096	31608
0x7b3c:	16308	26872	60	26791
0x7b4c:	36	27508	36	29971
0x7b5c:	3948940	26872	26791	3567496
$424 = "allocation"
0x7b0c:	4978	12	21872	1
0x7b1c:	21872	28873	29402	29424
0x7b2c:	4026597203	36	4096	31608
0x7b3c:	16335	0	29971	26791
0x7b4c:	36	27508	36	29971
$425 = "free"
0x7b5c:	16734	0	26791	3567496
0x7b6c:	21872	32	4096	31688
0x7b7c:	17245	29832	21923	4
0x7b8c:	7562	29940	22141	23
0x7b9c:	0	27520	29971	1
0x7bac:	29832	1	21933	29832
$426 = "free"
0x7b5c:	16759	0	26791	3567496
0x7b6c:	21872	32	4096	31688
0x7b7c:	17245	29832	21923	4
0x7b8c:	7562	29940	22141	23
0x7b9c:	0	27520	29971	1
0x7bac:	29832	1	21933	29832
$427 = "free"
0x7b5c:	16780	29832	26791	3567496
0x7b6c:	21872	32	4096	31688
0x7b7c:	17245	29832	21923	4
0x7b8c:	7562	29940	22141	23
0x7b9c:	0	27520	29971	1
0x7bac:	29832	1	21933	29832
$428 = "free"
0x7b5c:	16734	0	26791	3567496
0x7b6c:	21872	32	4096	31688
0x7b7c:	17264	29832	21923	4
0x7b8c:	7562	29940	22141	23
0x7b9c:	0	27520	29971	1
0x7bac:	29832	1	21933	29832
$429 = "free"
0x7b5c:	16759	0	26791	3567496
0x7b6c:	21872	32	4096	31688
0x7b7c:	17264	29832	21923	4
0x7b8c:	7562	29940	22141	23
0x7b9c:	0	27520	29971	1
0x7bac:	29832	1	21933	29832
$430 = "free"
0x7b5c:	16780	29832	26791	3567496
0x7b6c:	21872	32	4096	31688
0x7b7c:	17264	29832	21923	4
0x7b8c:	7562	29940	22141	23
0x7b9c:	0	27520	29971	1
0x7bac:	29832	1	21933	29832
$431 = "free"
0x7b5c:	16734	29402	26791	3567496
0x7b6c:	21872	32	4096	31688
0x7b7c:	17283	29971	21923	4
0x7b8c:	7562	29940	22141	23
0x7b9c:	0	27520	29971	1
0x7bac:	29832	1	21933	29832
$432 = "free"
0x7b5c:	16759	29953	26791	3567496
0x7b6c:	21872	32	4096	31688
0x7b7c:	17283	29971	21923	4
0x7b8c:	7562	29940	22141	23
0x7b9c:	0	27520	29971	1
0x7bac:	29832	1	21933	29832
$433 = "free"
0x7b5c:	16780	29971	26791	3567496
0x7b6c:	21872	32	4096	31688
0x7b7c:	17283	29971	21923	4
0x7b8c:	7562	29940	22141	23
0x7b9c:	0	27520	29971	1
0x7bac:	29832	1	21933	29832
